FRAME,validity,gaze_x,gaze_y,gaze_z,pupil_center_x,pupil_center_y
1,True,-0.03568524523782971,-0.022582593435258747,0.9991078969491002,79.82220458984375,70.84953689575195
2,True,-0.03563284194018254,-0.022864647301366923,0.9991033522509322,79.82025146484375,70.83155822753906
3,True,-0.036163413955140125,-0.02302790616712055,0.9990805388098937,79.8401184082031,70.82115173339844
4,True,-0.036174509827894656,-0.022918987197032,0.9990826416591241,79.84053039550781,70.82809448242188
5,True,-0.0361336765709391,-0.023006601159269485,0.9990821055952134,79.83900451660156,70.822509765625
6,True,-0.03480392140262053,-0.022640943364802085,0.9991376655589319,79.7892150878906,70.84581756591797
7,True,-0.034660153219790116,-0.022481632914040317,0.9991462605446206,79.78382873535156,70.85597229003906
8,True,-0.034456721765536914,-0.022511196955300992,0.9991526311514233,79.7762145996094,70.85408782958984
9,True,-0.035075473308152624,-0.022548421286944495,0.9991302617124934,79.79937744140625,70.85171508789062
10,True,-0.03433899970434082,-0.021865930394722507,0.9991710134843177,79.77178955078125,70.89521789550781
11,True,-0.03376174686331203,-0.0219031552600407,0.9991898699638584,79.75018310546875,70.8928451538086
12,True,-0.03352303650035325,-0.021666758897420924,0.9992030612356414,79.7412414550781,70.90791320800781
13,True,-0.03285997170899477,-0.021390263387851802,0.9992310437989216,79.71641540527344,70.925537109375
14,True,-0.03263832406919674,-0.02179375476567704,0.9992295892612306,79.7081298828125,70.89981842041016
15,True,-0.03264978135768414,-0.021733728015851758,0.9992305223740058,79.70855712890625,70.90364456176758
16,True,-0.03317847975007523,-0.02121634567585843,0.9992242266666859,79.72833251953125,70.9366226196289
17,True,-0.0338705569532276,-0.021390921712445058,0.9991972847440941,79.7542419433594,70.92549514770508
18,True,-0.03440118496709245,-0.022108729329702006,0.9991635314403172,79.77412414550781,70.87974166870117
19,True,-0.03403793575899193,-0.0221638481575072,0.9991747508639907,79.7605285644531,70.87622833251952
20,True,-0.03385559878198815,-0.022323399128872656,0.9991773938007436,79.75370788574219,70.86605834960938
21,True,-0.03048684777309652,-0.020776162236874302,0.9993192198669889,79.62757873535156,70.96467971801758
22,True,-0.03634586296627393,-0.022228003754963307,0.9990920348467933,79.846923828125,70.87213897705078
23,True,-0.03648130064688435,-0.022089638210799952,0.9990901673957299,79.85198974609375,70.8809585571289
24,True,-0.036628221710883785,-0.02236589010206308,0.999078645720266,79.85749816894531,70.86334991455078
25,True,-0.04499297030916249,-0.03695115293354129,0.9983036837153517,80.1714172363281,69.93347930908202
26,True,-0.03840929166842021,-0.022001902745864887,0.9990198409386531,79.9241638183594,70.88655090332031
27,True,-0.03833273112209557,-0.021925358501266645,0.9990244643547584,79.9212951660156,70.89142990112305
28,True,-0.03834389870810996,-0.022214358728830815,0.9990176513446242,79.9217224121094,70.87300872802734
29,True,-0.03820280476978603,-0.022298323451120806,0.9990211862012691,79.91644287109375,70.86765670776367
30,True,-0.0384614876910715,-0.021971261124702494,0.9990185071604928,79.9261169433594,70.88850402832031
31,True,-0.03860854446553443,-0.02206384424112123,0.9990107942717917,79.93162536621094,70.88260269165039
32,True,-0.03840478075227552,-0.022034459445703536,0.9990192968167859,79.92399597167969,70.88447570800781
33,True,-0.03767654703405056,-0.022377739690202347,0.9990393959048604,79.89674377441406,70.86259460449219
34,True,-0.038655081273654565,-0.022452248392010793,0.9990003409578351,79.9333801269531,70.85784530639648
35,True,-0.03854423390608426,-0.02243806481740866,0.9990049425702773,79.9292297363281,70.85874938964844
36,True,-0.038467594929503274,-0.022455539938213434,0.9990075039089661,79.9263610839844,70.85763549804688
37,True,-0.038773155284201936,-0.02259121127585321,0.9989926324064642,79.93780517578125,70.8489875793457
38,True,-0.03987844296363202,-0.02260599326240786,0.9989487869032208,79.97918701171875,70.8480453491211
39,True,-0.039972433161703506,-0.022775417216101428,0.9989411819310313,79.98271179199219,70.83724594116211
40,True,-0.039887956527244306,-0.02290073426605441,0.9989416936409032,79.97955322265625,70.82925796508789
41,True,-0.03993006359191502,-0.023202415331279955,0.998933049780785,79.98114013671875,70.81002807617188
42,True,-0.04025165379450242,-0.023592305500403424,0.9989110107952476,79.9931945800781,70.78517532348633
43,True,-0.04046558615970737,-0.023615884315578005,0.9989018101619119,80.00120544433594,70.78367233276367
44,True,-0.04029359157028231,-0.023632521136655194,0.9989083693828442,79.99476623535156,70.78261184692383
45,True,-0.040279344633488055,-0.02361492680049679,0.9989093600663196,79.9942321777344,70.78373336791992
46,True,-0.04072210875616495,-0.023844131352997792,0.9988859630901178,80.01081848144531,70.76912307739258
47,True,-0.04071243573632792,-0.02373311990435867,0.9988890011387755,80.01045227050781,70.77619934082031
48,True,-0.041155477459043646,-0.023666453049999304,0.9988724271272835,80.02703857421875,70.78044891357422
49,True,-0.04110466356471208,-0.02353659002460973,0.9988775878771358,80.02513122558594,70.78872680664062
50,True,-0.041368987227084944,-0.023696375349551515,0.9988628978448936,80.0350341796875,70.7785415649414
51,True,-0.041694711244237403,-0.023983927562084444,0.9988424912231939,80.0472412109375,70.76021194458008
52,True,-0.04188439347537343,-0.023791887187564534,0.998839148055008,80.05433654785156,70.77245330810547
53,True,-0.041607856374389296,-0.023628990301074255,0.998854572550619,80.0439758300781,70.7828369140625
54,True,-0.0424776966821658,-0.024208522115193608,0.9988040812599717,80.0765686035156,70.74589538574219
55,True,-0.04251370218888668,-0.024066033678777233,0.9988059927479244,80.0779113769531,70.75497817993164
56,True,-0.04230399277455521,-0.024317557453562382,0.9988088048244385,80.070068359375,70.73894500732422
57,True,-0.042035531938088004,-0.02424047871516571,0.9988220127962446,80.06001281738281,70.74385833740234
58,True,-0.042247576695689175,-0.024493916413751173,0.9988068833974152,80.0679626464844,70.72770309448242
59,True,-0.04203126378199005,-0.024429225617707474,0.9988175938581618,80.05986022949219,70.73182678222656
60,True,-0.04174299823748779,-0.02458900750862491,0.9988257619864868,80.049072265625,70.72164154052734
61,True,-0.04196700557058585,-0.024701752105592303,0.9988135931625842,80.0574645996094,70.7144546508789
62,True,-0.043055215762682376,-0.024874279454951225,0.9987629942169594,80.09822082519531,70.70345687866211
63,True,-0.04322889226233675,-0.02478768673609322,0.9987576450070581,80.10472106933594,70.70897674560547
64,True,-0.04348849872154963,-0.024743103681114473,0.9987474802467194,80.11444091796875,70.71181869506836
65,True,-0.043348219959211814,-0.024844717068770804,0.9987510559995122,80.10919189453125,70.70534133911133
66,True,-0.04291472332791887,-0.025546967418124195,0.998752060812605,80.0929870605469,70.66057586669922
67,True,-0.04313905203168266,-0.025345539235497393,0.9987475285729971,80.10137939453125,70.67341613769531
68,True,-0.04321315828005026,-0.025393712141966597,0.9987431012703487,80.1041564941406,70.67034530639648
69,True,-0.04352958726932381,-0.025547146943672255,0.9987254469148169,80.11601257324219,70.66056442260742
70,True,-0.04452294251156979,-0.025554687015946938,0.9986814635115786,80.15321350097656,70.66008377075195
71,True,-0.04431879078735797,-0.025574734026430495,0.9986900308717535,80.14556884765625,70.65880584716797
72,True,-0.04420866395705672,-0.025677482273768367,0.998692275395786,80.1414489746094,70.65225601196289
73,True,-0.04381196607382648,-0.025537033669847314,0.9987133580462869,80.1265869140625,70.66120910644531
74,True,-0.04425239792566511,-0.025556422429201187,0.9986934437305818,80.14308166503906,70.65997314453125
75,True,-0.04458106367495837,-0.025679696414730356,0.998675664043966,80.1553955078125,70.65211486816406
76,True,-0.04467217773278047,-0.02581182654422314,0.9986681862095448,80.1588134765625,70.64369201660156
77,True,-0.0451638390243408,-0.02590452082711734,0.9986436719097062,80.17723083496094,70.63778305053711
78,True,-0.04674072035152895,-0.026074888627454225,0.9985666754123562,80.2362976074219,70.62692260742188
79,True,-0.04685366422120573,-0.026328434245156664,0.9985547294461355,80.24053955078125,70.61075973510742
80,True,-0.047310886436708575,-0.026219045405636347,0.9985360492654184,80.2576599121094,70.61773300170898
81,True,-0.04803076218127941,-0.026183918835260347,0.9985026030405297,80.28462219238281,70.6199722290039
82,True,-0.04833984304464335,-0.026588740115003753,0.9984769894561998,80.29621887207031,70.59416580200195
83,True,-0.04861214022719621,-0.02676090004226565,0.9984591699471037,80.3064270019531,70.58319091796875
84,True,-0.04864642851421,-0.026706445649638286,0.9984589579715205,80.3077087402344,70.58666229248047
85,True,-0.04944879907770884,-0.026777535544185545,0.9984176379952191,80.3377685546875,70.5821304321289
86,True,-0.05042744536648154,-0.027188633529815997,0.998357576703153,80.37445068359375,70.55592346191406
87,True,-0.05144135437536073,-0.02737694718918218,0.9983007011029438,80.4124450683594,70.54391860961914
88,True,-0.05236982703358655,-0.027739808768466417,0.9982424075473658,80.44725036621094,70.52078628540039
89,True,-0.052993214866518985,-0.02836804609430679,0.9981918518696205,80.47064208984375,70.4807357788086
90,True,-0.05413253306926548,-0.028438713869246957,0.9981287033328758,80.5133361816406,70.47623062133789
91,True,-0.054263095737658536,-0.02853768441749989,0.9981187890271642,80.51823425292969,70.46992111206055
92,True,-0.05533275545698863,-0.02857185133145958,0.9980590841653766,80.5583190917969,70.46774291992188
93,True,-0.05555272520485367,-0.02877086845270449,0.9980411473735895,80.56657409667969,70.4550552368164
94,True,-0.05646722589814337,-0.029021523089008308,0.9979825667800828,80.6008605957031,70.4390754699707
95,True,-0.05674216510745187,-0.029200672122325216,0.997961746484565,80.6111755371094,70.42765426635742
96,True,-0.05649131185283396,-0.029230051517041732,0.9979751178127925,80.6017761230469,70.42578125
97,True,-0.05651899545138105,-0.02972010325819159,0.9979590766236305,80.60284423828125,70.39453887939452
98,True,-0.057652813578507475,-0.030218823794016907,0.9978792390740414,80.64537048339844,70.36274337768555
99,True,-0.05907237410497082,-0.0311097406555981,0.997768830267785,80.6986389160156,70.30594253540039
100,True,-0.05956406582372803,-0.03091139559706823,0.9977457630502813,80.71705627441406,70.31858825683594
101,True,-0.06039036857358531,-0.03156207049265938,0.9976757184024091,80.7480773925781,70.27710342407227
102,True,-0.06069154706225209,-0.030712809988701642,0.9976839476596726,80.7593078613281,70.33124923706055
103,True,-0.06045841829298304,-0.03087567540718027,0.9976930752118415,80.7505798339844,70.32086563110352
104,True,-0.05982070625837968,-0.031025795671299237,0.9977268579655012,80.7266845703125,70.31129455566406
105,True,-0.059719173311842795,-0.030680200907091025,0.9977436271965112,80.72285461425781,70.33332824707031
106,True,-0.06006260019453166,-0.030968416186869567,0.9977141079772044,80.7357482910156,70.3149528503418
107,True,-0.06102775741040298,-0.030710955161082847,0.9976634954024083,80.77191162109375,70.33136749267578
108,True,-0.062422966652929665,-0.03196593095914185,0.9975377448959827,80.8243103027344,70.2513542175293
109,True,-0.06187967434683818,-0.030906429475877708,0.9976049812023704,80.8038635253906,70.31890487670898
110,True,-0.06417554675014626,-0.03144629620570115,0.9974430458197916,80.8899841308594,70.28448486328125
111,True,-0.06511988883490934,-0.03267545624580824,0.9973423257022923,80.92549133300781,70.20611572265625
112,True,-0.06738063518843845,-0.03349397151586601,0.9971649832769385,81.0103454589844,70.15392684936523
113,True,-0.0688190169496106,-0.03490563439864008,0.997018324602571,81.0644226074219,70.06391525268555
114,True,-0.06809204685585431,-0.038969659327459674,0.9969176690213098,81.03753662109375,69.80475616455078
115,True,-0.06825337816138133,-0.03917297281728268,0.996898668155503,81.0436096191406,69.79179000854492
116,True,-0.07022894208126403,-0.03950913336661979,0.9967481748539925,81.1177673339844,69.77035140991211
117,True,-0.06641546654549635,-0.037684542319080895,0.9970801678269132,80.9745178222656,69.88671112060547
118,True,-0.06203118183516628,-0.03703053462822334,0.9973870221660599,80.8100280761719,69.92841720581055
119,True,-0.060979043333019345,-0.034529572563977255,0.9975416106071661,80.77037048339844,70.08789443969727
120,True,-0.07021456041799892,-0.028917288318958647,0.9971126846759023,81.11627197265625,70.44572067260742
121,True,-0.0611269572561795,-0.003862016891832866,0.9981225275095881,80.7745666503906,72.04263687133789
122,True,-0.022249443097395846,0.029009716855283498,0.9993314758426415,79.3194885253906,74.13766479492188
123,False,-0.08073285349043739,0.04506112982877878,0.9957166770451549,81.51277160644531,75.16126251220703
124,False,-0.06806336418691537,0.07037545540999414,0.9951957966809322,81.0408630371094,76.77716827392578
125,False,-0.05035293287785031,0.08268712888326615,0.995302678016914,80.37744140625,77.56404876708984
126,False,-0.03688153894212531,0.06884624371472016,0.9969453078337016,79.86991882324219,76.67948150634766
127,False,-0.037256914556749544,0.05825037957203928,0.9976065434816597,79.883056640625,76.00288391113281
128,False,-0.03993938493859893,0.05943561297054326,0.9974328315438299,79.9837341308594,76.07854461669922
129,False,-0.04430908208693191,0.060180389662854966,0.9972036030543815,80.1476745605469,76.12609100341797
130,False,-0.04018915038623694,0.06180188344627872,0.9972789777157268,79.9933166503906,76.2296142578125
131,False,-0.04340668163051327,0.07532465395845422,0.9962138608229995,80.1155090332031,77.09339904785156
132,False,-0.05351709577031945,0.08900637625491085,0.9945922709564355,80.49745178222656,77.9682388305664
133,False,-0.059088727614614665,0.0906698746076144,0.9941264990470404,80.70733642578125,78.07467651367188
134,False,-0.05826334229627795,0.08669798277204581,0.9945294579486949,80.6755065917969,77.82056427001953
135,False,-0.06780601828033525,0.07866872891225649,0.994592165149262,81.03277587890625,77.30713653564453
136,False,-0.10138181890322995,0.06791136687722144,0.9925269633842398,82.2940368652344,76.61976623535156
137,False,-0.11139898555000348,0.05624341155000324,0.9921829189598294,82.66865539550781,75.8747787475586
138,False,-0.09092558177051939,0.052813796750601834,0.9944562541673106,81.8970947265625,75.65589904785156
139,False,-0.08841673451297126,0.05167690775362163,0.9947421667261754,81.80255126953125,75.5833511352539
140,False,-0.05758262613307193,0.04541119965929072,0.9973074070281053,80.64398193359375,75.18359375
141,True,-0.031116749415638318,0.04139182928231847,0.9986583321509253,79.65190124511719,74.92721557617188
142,True,-0.0011757667086256778,0.029679875646613764,0.9995587639324905,78.5309143066406,74.18038940429688
143,True,-0.010405906230571247,0.02302740889440149,0.9996806767939103,78.876220703125,73.75630950927734
144,True,-0.03704238799884808,0.014554054768204136,0.9992077066261784,79.872802734375,73.21624374389648
145,True,-0.05396781170788911,-0.0012705069899734724,0.9985418674805029,80.50634765625,72.20778274536133
146,True,-0.06581607006303822,-0.011329611835315436,0.9977674502694094,80.950439453125,71.56674575805664
147,True,-0.06950668635761946,-0.018268149535101096,0.9974142044627933,81.08906555175781,71.1245346069336
148,True,-0.07363366477916736,-0.022004536009219554,0.9970425687031663,81.2440490722656,70.88638305664062
149,True,-0.07835277681130529,-0.02458236490317371,0.9966225713386814,81.42127990722656,70.72206497192383
150,True,-0.07706780047646421,-0.02646774298902167,0.996674476803127,81.3731994628906,70.60187911987305
151,True,-0.07601799384421469,-0.028727606559468995,0.9966925249209332,81.333984375,70.45781326293945
152,True,-0.07856302653052617,-0.030053860911229014,0.9964560282855899,81.42961120605469,70.37326049804688
153,True,-0.07641496691583104,-0.030649626123844417,0.9966049133180716,81.34904479980469,70.33527755737305
154,True,-0.07476599589965195,-0.0303495010975367,0.9967391602822998,81.2871398925781,70.35441207885742
155,True,-0.07549231526180775,-0.03067427741903592,0.9966744699455444,81.3144226074219,70.33370590209961
156,True,-0.07643368759727663,-0.03249393324223315,0.9965450495099212,81.34991455078125,70.21768951416016
157,True,-0.07687962885352724,-0.033947642255574374,0.996462282403419,81.3667907714844,70.125
158,True,-0.0771968178948371,-0.03513033586929532,0.9963967637485691,81.3788146972656,70.04958724975586
159,True,-0.07705558844866277,-0.0356393175993163,0.9963896202439513,81.3735656738281,70.01713180541992
160,True,-0.07622385950605558,-0.03622875091236163,0.9964323363125723,81.3424072265625,69.97954559326172
161,True,-0.07762479266712484,-0.036756675770320095,0.9963048420788195,81.3950500488281,69.94588088989258
162,True,-0.08015428725472172,-0.03539870702283449,0.996153713929632,81.4898681640625,70.03247451782227
163,True,-0.07949301693128721,-0.036402593354742205,0.9961705232821394,81.46514892578125,69.96846008300781
164,True,-0.07872880409232651,-0.037007922533998865,0.9962089083500055,81.4365234375,69.92985916137695
165,True,-0.07887477081996343,-0.03767712477860239,0.9961722766652944,81.44207763671875,69.8871841430664
166,True,-0.08085508360309995,-0.03618310662047551,0.9960688923216241,81.5162658691406,69.98245620727539
167,True,-0.08037848445374317,-0.0357312659495787,0.9961237753766145,81.4983215332031,70.01126861572266
168,True,-0.08057407117952772,-0.03666730314618575,0.9960739570601884,81.5057678222656,69.95158004760742
169,True,-0.08005532310559788,-0.03714682509877832,0.9960980165764507,81.48634338378906,69.92100143432617
170,True,-0.0803638449029374,-0.036295392639204886,0.9961045612311905,81.4978332519531,69.97529602050781
171,True,-0.0803043510841538,-0.03635042877308991,0.9961073524098522,81.49560546875,69.97178649902344
172,True,-0.07992178039215835,-0.03681835108451752,0.996120935450292,81.4812927246094,69.94194793701172
173,True,-0.07883587137547161,-0.037363313064708255,0.996187175294532,81.4405822753906,69.90719604492188
174,True,-0.0797963206824138,-0.03663984523285773,0.9961375753111925,81.4765625,69.95333099365234
175,True,-0.0785843687648474,-0.03549346787349629,0.9962754191106712,81.4309387207031,70.02643203735352
176,True,-0.07822885661067579,-0.03587783231033845,0.9962896301488325,81.4176330566406,70.00192260742188
177,True,-0.0776403338393811,-0.03600441716667554,0.9963310998387019,81.39555358886719,69.99385070800781
178,True,-0.07758992360252936,-0.034974672259250696,0.9963717057683401,81.3935546875,70.05951309204102
179,True,-0.07696764244472708,-0.03448769455058887,0.9964369427821741,81.3701477050781,70.0905647277832
180,True,-0.07641082917521033,-0.03396894061840089,0.9964976147778881,81.34919738769531,70.12364196777344
181,True,-0.07670064524863798,-0.03398850398864037,0.996474682375351,81.3600769042969,70.12239456176758
182,True,-0.07657105225244343,-0.03251607025139398,0.9965337822333772,81.3550720214844,70.21627807617188
183,True,-0.07598601090720807,-0.0323435806479612,0.9965841755402693,81.3330993652344,70.22727584838867
184,True,-0.07585345463151506,-0.03201433403499931,0.9966049045819312,81.3280944824219,70.2482681274414
185,True,-0.07619402143673877,-0.03106444748744078,0.9966089861122053,81.3407897949219,70.30883026123047
186,True,-0.07612302826569811,-0.030649985123422756,0.9966272437474273,81.33808898925781,70.33525466918945
187,True,-0.07657222030952522,-0.03034345788201102,0.9966022123398243,81.35491943359375,70.35479736328125
188,True,-0.07706783391322222,-0.03034932159610142,0.9965638301958287,81.37351989746094,70.35442352294922
189,True,-0.078264003169642,-0.030827150931961214,0.9964559360921487,81.41845703125,70.32395935058594
190,True,-0.07852602544987582,-0.03173073522014065,0.9964069569053775,81.4283752441406,70.26634979248047
191,True,-0.07892544973597164,-0.031637039352942826,0.9963783774876666,81.443359375,70.27232360839844
192,True,-0.07807217455031495,-0.03180079752870806,0.9964403869963938,81.4113464355469,70.26188278198242
193,True,-0.07640850192419738,-0.03165648455899896,0.996573934948665,81.34889221191406,70.27108383178711
194,True,-0.076083330651942,-0.030585843802714487,0.9966322455930188,81.33659362792969,70.3393440246582
195,True,-0.07671204516242086,-0.02965578063220611,0.9966121596699958,81.360107421875,70.39863967895508
196,True,-0.07677282284227918,-0.029390650449753995,0.996615333686457,81.36236572265625,70.41554260253906
197,True,-0.07710888291395401,-0.029296050350326924,0.9965921741663604,81.3749694824219,70.42157363891602
198,True,-0.07643505996775403,-0.029335123035520168,0.9966429311263972,81.34968566894531,70.41908264160156
199,True,-0.07575562453874134,-0.02932303623722904,0.996695161469431,81.3241882324219,70.41985321044922
200,True,-0.07563567221616717,-0.029137305887794177,0.9967097182700736,81.3196716308594,70.43169403076172
201,True,-0.07568268611309817,-0.0292078524247898,0.9967040846607572,81.3214416503906,70.42719650268555
202,True,-0.07562117755717254,-0.027553591340323154,0.9967558563204518,81.3190002441406,70.53265762329102
203,True,-0.07528198987209396,-0.026368288087616258,0.9968135910912463,81.3061828613281,70.60821914672852
204,True,-0.07524698638617958,-0.02576144001711166,0.9968321018346283,81.30482482910156,70.64690399169922
205,True,-0.07609462776354688,-0.025061946240186414,0.9967855870126641,81.3365783691406,70.69149398803711
206,True,-0.07596231522640368,-0.02405011515861724,0.9968206050369856,81.33154296875,70.7559928894043
207,True,-0.07540928052572933,-0.024014507920400892,0.9968634529462563,81.310791015625,70.75826263427734
208,True,-0.07522961060359215,-0.023963281319217742,0.9968782607905781,81.3040466308594,70.76152801513672
209,True,-0.0753096703711366,-0.023997033432683983,0.9968714039107658,81.30705261230469,70.7593765258789
210,True,-0.0751063843357383,-0.023732940370781167,0.9968930627571692,81.2994079589844,70.77621078491211
211,True,-0.07418177979524053,-0.023799188208865018,0.9969607124591267,81.26472473144531,70.77198791503906
212,True,-0.07396830425385528,-0.02376268308967704,0.996977444508244,81.2567138671875,70.7743148803711
213,True,-0.07359714561986794,-0.023877344963839666,0.9970021727930616,81.2427978515625,70.76700592041016
214,True,-0.07426509364556867,-0.02337351262173046,0.9969645805010009,81.267822265625,70.79912185668945
215,True,-0.0738498397919716,-0.023587817145773796,0.9969903791135588,81.25225830078125,70.78546142578125
216,True,-0.07422752398572639,-0.02345945000247086,0.9969653599240698,81.26641845703125,70.79364395141602
217,True,-0.07403286594192736,-0.023360047487214767,0.9969821678153625,81.25910949707031,70.79998016357422
218,True,-0.07414964035636075,-0.023337964657436344,0.9969740068029209,81.26348876953125,70.80138778686523
219,True,-0.07449273989355365,-0.023446104584921183,0.9969458921541049,81.2763671875,70.79449462890625
220,True,-0.07442466318192162,-0.023533059181036445,0.9969489277971261,81.27381896972656,70.7889518737793
221,True,-0.07471491691863659,-0.023387516357128775,0.9969306421554542,81.2846984863281,70.7982292175293
222,True,-0.07439111898220148,-0.022938496878744434,0.9969652886522778,81.27252197265625,70.82685089111328
223,True,-0.07389539063049692,-0.023119709086826222,0.9969979690527492,81.2539367675781,70.81529998779297
224,True,-0.07386999063225769,-0.022987330890359845,0.9970029122838746,81.25297546386719,70.82373809814452
225,True,-0.07422187884053415,-0.02295890423585032,0.9969774327524521,81.26617431640625,70.8255500793457
226,True,-0.07400170215615942,-0.022792712666007568,0.9969976129998085,81.2579040527344,70.83614349365234
227,True,-0.07373134715511985,-0.02270970641352627,0.9970195372615838,81.24775695800781,70.84143447875977
228,True,-0.07385964201480924,-0.022611140025797494,0.9970122815834206,81.2525634765625,70.84771728515625
229,True,-0.07367288088808327,-0.02288762805844684,0.9970197907281021,81.2455749511719,70.83009338378906
230,True,-0.0733453964428952,-0.022909052815873278,0.9970434434465301,81.23329162597656,70.82872772216797
231,True,-0.0736161465794924,-0.023002471816651056,0.9970213384141339,81.24345397949219,70.82277297973633
232,True,-0.07362896137453072,-0.022881104876025217,0.997023184828999,81.2439270019531,70.83050918579102
233,True,-0.0736314399751799,-0.02285854303573628,0.9970235193100837,81.2440185546875,70.83194732666016
234,True,-0.07342336820375231,-0.022498270170449523,0.9970470584886922,81.23619079589844,70.85491180419922
235,True,-0.073892080127857,-0.022428489405840742,0.9970140035913992,81.25376892089844,70.85935974121094
236,True,-0.07397461786183837,-0.022449256077069914,0.9970074156262736,81.2568664550781,70.85803604125977
237,True,-0.07417728799291061,-0.022385519721109533,0.9969937905788745,81.26446533203125,70.86209869384766
238,True,-0.07417586416712084,-0.022015308448626092,0.9970021401025038,81.26438903808594,70.88569641113281
239,True,-0.07426931392251285,-0.02207868624867125,0.9969937816370833,81.26789855957031,70.88165664672852
240,True,-0.07449742877612318,-0.02212207515411579,0.996975800557176,81.2764587402344,70.87889099121094
241,True,-0.07445476144655645,-0.022097178904495272,0.9969795400018995,81.27485656738281,70.88047790527344
242,True,-0.0746722893480666,-0.022145535069088965,0.9969621981198797,81.28302001953125,70.87739562988281
243,True,-0.07454296314330071,-0.022134822507386204,0.9969721140926576,81.2781677246094,70.87807846069336
244,True,-0.07520344063704039,-0.022412211201453862,0.9969163130902275,81.30296325683594,70.86039733886719
245,True,-0.07669558307042877,-0.022666138541319072,0.9967968868837386,81.35896301269531,70.84421157836914
246,True,-0.08085556312730374,-0.025188752474605804,0.996407499299428,81.5152587890625,70.68341064453125
247,True,-0.08475236146867522,-0.027473048415733645,0.9960232270565932,81.6617431640625,70.53779220581055
248,True,-0.08606656446505552,-0.02810218799055852,0.9958929729199447,81.7111511230469,70.49768447875977
249,True,-0.08637763933748441,-0.027996275024451775,0.9958690235202814,81.72282409667969,70.50443649291992
250,True,-0.08621847807647436,-0.02795193509608842,0.995884061205199,81.71684265136719,70.50726318359375
251,True,-0.086170793485577,-0.02698499997429386,0.9959148578701159,81.7149658203125,70.56890487670898
252,True,-0.08603659373690527,-0.026327297273060827,0.9959440636684606,81.7098693847656,70.61083221435547
253,True,-0.08633480901439622,-0.026337410339454123,0.9959179893791751,81.7210693359375,70.61018753051758
254,True,-0.08630902392642824,-0.026240947135007842,0.9959227706415418,81.7200927734375,70.61633682250977
255,True,-0.08637115324583938,-0.0264356086722231,0.9959122363346645,81.7224426269531,70.60392761230469
256,True,-0.08628393557127663,-0.026728825816209566,0.9959119701724739,81.71919250488281,70.58523559570312
257,True,-0.08584793186793717,-0.026738998614768333,0.9959493754940948,81.70281982421875,70.58458709716797
258,True,-0.08601990861105842,-0.02687094554480524,0.9959309853639825,81.70928955078125,70.57617568969727
259,True,-0.08588368114419441,-0.027093488987599484,0.9959367129329058,81.7041931152344,70.5619888305664
260,True,-0.08579231639405555,-0.027242847856974322,0.9959405131273574,81.7007751464844,70.5524673461914
261,True,-0.08557610025891625,-0.02726438995148885,0.9959585252936234,81.6926574707031,70.55109405517578
262,True,-0.0854630326889605,-0.027135795427607582,0.9959717459095498,81.68840026855469,70.55929183959961
263,True,-0.08526058955489915,-0.027347685931055257,0.9959833010362008,81.6808166503906,70.54578399658202
264,True,-0.08595497586111785,-0.02701240649529993,0.995932764808974,81.70686340332031,70.56715774536133
265,True,-0.0862898530603381,-0.026805480777119247,0.9959093972139899,81.71942138671875,70.58034896850586
266,True,-0.0864751826080065,-0.026429445103680345,0.9959033724335025,81.7263488769531,70.60432052612305
267,True,-0.0863594935294266,-0.026381572692459113,0.9959146803314095,81.72200012207031,70.60737228393555
268,True,-0.08690759907070417,-0.026023604827419854,0.9958764186461853,81.7425537109375,70.63019180297852
269,True,-0.0868148213321147,-0.026086198581124438,0.9958828731535949,81.73907470703125,70.62620162963867
270,True,-0.08701390919847837,-0.026084941919770392,0.9958655307876868,81.7465515136719,70.62628173828125
271,True,-0.08677838403908948,-0.026028870845050043,0.9958875488458001,81.7377014160156,70.62985610961914
272,True,-0.0872616499028396,-0.025947905744254877,0.9958474334172487,81.75584411621094,70.63501739501952
273,True,-0.08722612469123145,-0.02602653704187123,0.9958484937684838,81.7545166015625,70.6300048828125
274,True,-0.08698818813224625,-0.025960592083207085,0.9958710271838208,81.7455749511719,70.63420867919922
275,True,-0.08676146114527034,-0.02578519709328235,0.9958953622097044,81.73704528808594,70.64538955688477
276,True,-0.08652039983499335,-0.0260199545193206,0.9959102280723928,81.72801208496094,70.63042449951172
277,True,-0.08666066862678341,-0.026158665982746066,0.9958943983712139,81.73329162597656,70.62158203125
278,True,-0.08664978128194543,-0.026122103173817558,0.9958963054101403,81.7328796386719,70.6239128112793
279,True,-0.08664773565932495,-0.026128326633125618,0.9958963201320027,81.73280334472656,70.62351608276367
280,True,-0.08700684766112816,-0.025612015454393375,0.9958784228631712,81.7462463378906,70.65642929077148
281,True,-0.08669815811979831,-0.025749112662029314,0.9959018087019185,81.73466491699219,70.64768981933594
282,True,-0.0868322514088864,-0.02556114993388243,0.9958949682217104,81.73968505859375,70.65967178344727
283,True,-0.08672697788976497,-0.025395567246503152,0.9959083775480235,81.7357177734375,70.67022705078125
284,True,-0.08717828571314594,-0.025437755890567366,0.9958678963975941,81.75267028808594,70.66753768920898
285,True,-0.08712178384786975,-0.025449903817978365,0.9958725305855266,81.75054931640625,70.66676330566406
286,True,-0.0870973820760072,-0.02546073521806723,0.9958743881623131,81.7496337890625,70.66607284545898
287,True,-0.08689446902499269,-0.025353558083641762,0.9958948480363597,81.74200439453125,70.67290496826172
288,True,-0.08682648309379404,-0.02541381907679569,0.9958992417074606,81.73945617675781,70.66906356811523
289,True,-0.08711997828538123,-0.02534787307952858,0.995875290743725,81.75047302246094,70.67326736450195
290,True,-0.08683191023890151,-0.025347992763834138,0.9959004461426394,81.7396545410156,70.67325973510742
291,True,-0.08659902549842186,-0.025379230355159696,0.995919928231835,81.73091125488281,70.67126846313477
292,True,-0.08717492559973138,-0.025303769388205947,0.9958716039738404,81.7525329589844,70.67607879638672
293,True,-0.0869410435024709,-0.025237284626142848,0.9958937365097746,81.7437438964844,70.68031692504883
294,True,-0.08685078786653987,-0.025262717604127616,0.9959009668366706,81.7403564453125,70.67869567871094
295,True,-0.0866384330784594,-0.02519611308834028,0.9959211503924137,81.73237609863281,70.68294143676758
296,True,-0.0868581268724124,-0.02525110819973376,0.9959006212122278,81.7406311035156,70.67943572998047
297,True,-0.08665736370711485,-0.025272052999003963,0.9959175792466706,81.73309326171875,70.6781005859375
298,True,-0.0871421276965995,-0.02506775097045246,0.9958804433473895,81.75128173828125,70.69112396240234
299,True,-0.08684147222358019,-0.02524931293070899,0.9959021191354943,81.74000549316406,70.67955017089844
300,True,-0.08759850877892285,-0.025199045364976,0.9958370897754325,81.7684326171875,70.68275451660156
301,True,-0.08788960554007395,-0.024736341414783772,0.9958230418359586,81.7793273925781,70.71224975585938
302,True,-0.08779620062497388,-0.0247185081760241,0.9958317239922472,81.77581787109375,70.71338653564452
303,True,-0.08722493917990623,-0.025101143113705756,0.9958723525630416,81.75439453125,70.68899536132812
304,True,-0.08777106248390402,-0.02469492998921406,0.9958345249203175,81.7748718261719,70.71488952636719
305,True,-0.08765227643814054,-0.02476488654902954,0.9958432501299718,81.7704162597656,70.71043014526367
306,True,-0.08777035326545828,-0.02464723498558483,0.995835769037858,81.77484130859375,70.71792984008789
307,True,-0.08759051928905211,-0.024577876655632786,0.9958533169647901,81.76808166503906,70.72235107421875
308,True,-0.0881744544743855,-0.024524675923734,0.9958030959225725,81.7900085449219,70.72574234008789
309,True,-0.08782157193413792,-0.024634548224855078,0.9958315673530209,81.7767639160156,70.7187385559082
310,True,-0.08778233878782035,-0.024740769801712328,0.9958323931799764,81.7752990722656,70.71196746826172
311,True,-0.08730300922686078,-0.02469923869442887,0.9958755605937172,81.7572937011719,70.71461486816406
312,True,-0.08760130104275479,-0.02485219743170065,0.995845560485376,81.76850891113281,70.70486450195312
313,True,-0.0873406747291626,-0.02475477307610202,0.9958708790540094,81.75871276855469,70.71107482910156
314,True,-0.08715424350401776,-0.02472718542405447,0.9958878973761287,81.751708984375,70.71283340454102
315,True,-0.08705162337236502,-0.024645978278331142,0.9958988857423929,81.74784851074219,70.71800994873047
316,True,-0.08696677692224139,-0.024612466070538595,0.9959071273094111,81.7446594238281,70.72014617919922
317,True,-0.08717178575384175,-0.024504748072636875,0.9958918601386312,81.7523498535156,70.72701263427734
318,True,-0.08727016700516667,-0.024478416963162462,0.9958838913517318,81.75604248046875,70.72869110107422
319,True,-0.08734145207501529,-0.024582664119658815,0.9958750741805961,81.75872802734375,70.7220458984375
320,True,-0.08783917251488693,-0.024761535339346122,0.9958268655441759,81.7774353027344,70.71064376831055
321,True,-0.08814639796280573,-0.024722816878727173,0.9958006802828383,81.7889709472656,70.7131118774414
322,True,-0.0880876907815682,-0.024816590891709664,0.9958035426474865,81.7867736816406,70.70713424682617
323,True,-0.0879232593967973,-0.024579911327912728,0.9958239444882592,81.78057861328125,70.72222137451172
324,True,-0.08848476361150485,-0.024371416734684525,0.9957793333138424,81.80165100097656,70.73551177978516
325,True,-0.08847467324090544,-0.024340776796755097,0.9957809793221829,81.80126953125,70.73746490478516
326,True,-0.08833106221497918,-0.02424520637485687,0.9957960601527875,81.7958679199219,70.74355697631836
327,True,-0.08831873339459469,-0.024121030323625624,0.9958001693250013,81.79539489746094,70.75147247314452
328,True,-0.08871046816838785,-0.024262979976691978,0.9957618995723807,81.81011962890625,70.74242401123047
329,True,-0.08914315992722904,-0.024242752779388622,0.9957237498301755,81.82637023925781,70.74371337890625
330,True,-0.08874818060926197,-0.02410582995247282,0.9957623558866083,81.8115234375,70.75244140625
331,True,-0.08850747712634864,-0.024199665225428664,0.9957815034914568,81.802490234375,70.7464599609375
332,True,-0.08931816818417207,-0.024278479508732707,0.9957071960496057,81.83294677734375,70.74143600463867
333,True,-0.08904372320964214,-0.02438817294105813,0.9957290958777703,81.82264709472656,70.73444366455078
334,True,-0.0890345280362759,-0.024319831513526916,0.9957315896427668,81.8222961425781,70.73880004882812
335,True,-0.0891853873277674,-0.024439399015175174,0.9957151613101878,81.8279724121094,70.7311782836914
336,True,-0.08964175237722387,-0.024543765958138463,0.9956716124221543,81.8451232910156,70.72452545166016
337,True,-0.0891509815784416,-0.024568541099160894,0.9957150642989485,81.8266906738281,70.72294616699219
338,True,-0.08792480969508687,-0.023461783953989592,0.9958507782463089,81.7805480957031,70.79349517822266
339,True,-0.08711723541921271,-0.023187214629649174,0.9959281803275938,81.75019836425781,70.81099700927734
340,True,-0.08112432945122308,-0.021969346022694267,0.9964618362016805,81.5251159667969,70.88862609863281
341,True,-0.07539880350984965,-0.02134268444952741,0.9969250273966298,81.31022644042969,70.92856979370117
342,True,-0.07441631786396181,-0.020958879255373982,0.9970069894518937,81.2733459472656,70.95303344726562
343,True,-0.07419434171469352,-0.020884427989710626,0.9970250951330493,81.2650146484375,70.95777893066406
344,True,-0.07440217770796993,-0.02063384237487709,0.9970148246145392,81.2727966308594,70.97375106811523
345,True,-0.07461736366645028,-0.020889215855943066,0.9969934251038933,81.2808837890625,70.95747375488281
346,True,-0.07521454992028245,-0.02083385612340464,0.9969497088215226,81.30328369140625,70.96100234985352
347,True,-0.07522167425531513,-0.020959058800086548,0.9969465470006111,81.3035583496094,70.95302200317383
348,True,-0.07545894191096776,-0.020607927905805998,0.9969359364538457,81.31243896484375,70.97540283203125
349,True,-0.07576929387826313,-0.020853187150790393,0.9969072969393109,81.3240966796875,70.95977020263672
350,True,-0.07570257843655992,-0.02086180531528616,0.9969121850479327,81.32159423828125,70.95922088623047
351,True,-0.07576033123743121,-0.02086258334394908,0.9969077815058981,81.3237609863281,70.95917129516602
352,True,-0.07521686795213758,-0.0206516772670169,0.9969533243846121,81.30335998535156,70.97261428833008
353,True,-0.07528017361441698,-0.020482724317785483,0.9969520316771038,81.30572509765625,70.98338317871094
354,True,-0.07537850235873904,-0.02054795949706513,0.996943259540211,81.3094177246094,70.9792251586914
355,True,-0.0754380216206804,-0.02045974236228042,0.9969405718679659,81.3116455078125,70.98484802246094
356,True,-0.07554033647226843,-0.020576447492883582,0.9969304225342053,81.31549072265625,70.97740936279297
357,True,-0.07544190857487501,-0.020576208098030315,0.9969378807583182,81.3117980957031,70.97742462158202
358,True,-0.07538642352502481,-0.020685252331364045,0.996939821395501,81.3097229003906,70.97047424316406
359,True,-0.0753260069797265,-0.020826075831546095,0.9969414562741129,81.3074645996094,70.96149826049805
360,True,-0.07506217835035678,-0.020994249550693372,0.9969578280283987,81.2975769042969,70.95077896118164
361,True,-0.07517803112130779,-0.02077801753928231,0.996953628622646,81.3019104003906,70.96456146240234
362,True,-0.07522479073967914,-0.020787593292508382,0.9969499018623136,81.30366516113281,70.96395111083984
363,True,-0.07529133302736628,-0.0208908317606884,0.996942720681238,81.30616760253906,70.95737075805664
364,True,-0.07546221891204907,-0.02085300760568025,0.9969305921630991,81.31257629394531,70.95978164672852
365,True,-0.07535592396666538,-0.020941104325484586,0.9969367857957491,81.30859375,70.95416641235352
366,True,-0.07550238804854376,-0.020914352145801143,0.9969262657154181,81.3140869140625,70.95587158203125
367,True,-0.07533181589791484,-0.02075288117799743,0.9969425436986501,81.30767822265625,70.9661636352539
368,True,-0.07553097707889495,-0.020839362175342175,0.9969256704918539,81.3151550292969,70.96065139770508
369,True,-0.07539479990987985,-0.0210484719828412,0.9969315854027982,81.31005859375,70.94732284545898
370,True,-0.07549239745580522,-0.021058945403555022,0.996923978418046,81.313720703125,70.9466552734375
371,True,-0.07539958516883528,-0.02085151139640292,0.9969353625129632,81.31022644042969,70.95987701416016
372,True,-0.07526882538887104,-0.020977970839357412,0.9969425904554599,81.3053283691406,70.95181655883789
373,True,-0.07513861464389322,-0.02101340096866835,0.9969516666163543,81.3004455566406,70.94955825805664
374,True,-0.07523698790514045,-0.021049010615962836,0.9969434962940733,81.30413818359375,70.9472885131836
375,True,-0.07520315527011175,-0.021095572433813718,0.9969450648160656,81.30287170410156,70.94432067871094
376,True,-0.0752119261433096,-0.02095050050136901,0.9969474623542384,81.3031921386719,70.95356750488281
377,True,-0.07531511137543327,-0.021029380427140722,0.9969380116924806,81.30706787109375,70.94853973388672
378,True,-0.075210176806609,-0.021028003919693446,0.9969459626057332,81.3031311035156,70.94862747192383
379,True,-0.07531350161515386,-0.021018547910934833,0.9969383617446868,81.3070068359375,70.9492301940918
380,True,-0.07509154208223895,-0.021201263999481097,0.9969512358749226,81.29869079589844,70.93758392333984
381,True,-0.07526603326499898,-0.021199468561495693,0.9969381158172569,81.30523681640625,70.93769836425781
382,True,-0.07508748692652155,-0.0211936034636003,0.9969517041859586,81.29853820800781,70.93807220458984
383,True,-0.07515376853362102,-0.021203717764617228,0.9969464947669726,81.301025390625,70.93742752075195
384,True,-0.07538871208546727,-0.021294985767241544,0.996926810589056,81.3098449707031,70.93161010742188
385,True,-0.07543134975609926,-0.021083423274951885,0.9969280820284792,81.3114318847656,70.94509506225586
386,True,-0.07536198300758412,-0.02122334788110698,0.9969303591635086,81.308837890625,70.93617630004883
387,True,-0.07523361350700772,-0.021124957824877413,0.9969421445377737,81.30401611328125,70.94244766235352
388,True,-0.07584046453335144,-0.02111161171266297,0.9968964458710139,81.3267822265625,70.94329833984375
389,True,-0.07628588541774618,-0.02106331431551263,0.9968634813634596,81.34349060058594,70.94637680053711
390,True,-0.07619356246625063,-0.02106445142951782,0.9968705181339625,81.34002685546875,70.94630432128906
391,True,-0.0759910175283289,-0.021067922619470377,0.9968859051523946,81.3324279785156,70.94608306884766
392,True,-0.0759407712148935,-0.02120557305036707,0.9968868155106139,81.33055114746094,70.93730926513672
393,True,-0.07607528858842234,-0.021269071657290823,0.996875206360869,81.3356018066406,70.93326187133789
394,True,-0.07616491653314332,-0.021174272574558062,0.9968703805763504,81.3389587402344,70.93930435180664
395,True,-0.07620665115172395,-0.021018188821957568,0.9968704941259341,81.34051513671875,70.94925308227539
396,True,-0.07615311043620708,-0.020927997554760262,0.9968764831659129,81.3385009765625,70.95500183105469
397,True,-0.0762246319807392,-0.020964504989379934,0.996870249836934,81.3411865234375,70.95267486572266
398,True,-0.07628004195084234,-0.020902801423768998,0.9968673071641061,81.34326171875,70.95660781860352
399,True,-0.07639939242508309,-0.021039494763247967,0.9968552916532998,81.3477478027344,70.94789505004883
400,True,-0.07678777149176594,-0.020792620562188755,0.9968306300869196,81.3623046875,70.96363067626952
401,True,-0.07682487833975475,-0.020730916775372768,0.9968290561363741,81.36369323730469,70.96756362915039
402,True,-0.07713693050541114,-0.020650659840460786,0.9968066232727173,81.3753967285156,70.9726791381836
403,True,-0.0768716590136501,-0.020723435709523657,0.9968256052353803,81.3654479980469,70.9680404663086
404,True,-0.07690151034711631,-0.02087545073923395,0.9968201308474695,81.3665771484375,70.9583511352539
405,True,-0.07692983562795838,-0.020963906507070425,0.9968160888620419,81.3676452636719,70.95271301269531
406,True,-0.0770950258059377,-0.020914950628731933,0.9968043548441085,81.37384033203125,70.9558334350586
407,True,-0.07704441685805605,-0.021026986501119838,0.996805910731715,81.3719482421875,70.94869232177734
408,True,-0.07755117014287609,-0.020999456343218113,0.996767193903752,81.3909606933594,70.95044708251952
409,True,-0.07734633549709184,-0.02092314984412902,0.9967847140610512,81.3832702636719,70.9553108215332
410,True,-0.07746018303844435,-0.020934760409510218,0.9967756296430241,81.3875427246094,70.95457077026367
411,True,-0.07726912223323573,-0.020889874187512564,0.996791400397162,81.38037109375,70.95743179321289
412,True,-0.07763081852400233,-0.02078382283990317,0.9967655134099759,81.39393615722656,70.96419143676758
413,True,-0.07760685184420052,-0.020767544057008838,0.9967677190101375,81.3930358886719,70.96522903442383
414,True,-0.07763808577218251,-0.02056334062293144,0.996769520330581,81.3941955566406,70.97824478149414
415,True,-0.07756157473982038,-0.020599968031463446,0.9967747205065856,81.3913269042969,70.97591018676758
416,True,-0.07812941823443151,-0.020756232693593692,0.9967271305682006,81.41264343261719,70.96595001220702
417,True,-0.07864689224497266,-0.020861984860363333,0.9966842247812964,81.43206787109375,70.95920944213867
418,True,-0.07849509416262808,-0.020689681125989984,0.996699782927289,81.4263610839844,70.9701919555664
419,True,-0.07844200067551076,-0.020581295238408504,0.99670620687158,81.42436218261719,70.97710037231445
420,True,-0.07840879736614896,-0.02074528041854893,0.9967054197885902,81.4231262207031,70.96664810180664
421,True,-0.07845614192863064,-0.020887061316197744,0.996698733049886,81.42491149902344,70.95761108398438
422,True,-0.07833953407982183,-0.02082823037403321,0.9967091362176042,81.4205322265625,70.96136093139648
423,True,-0.07840698645228825,-0.02085827426196489,0.9967032040032195,81.4230651855469,70.95944595336914
424,True,-0.07866244312636558,-0.0210484719828412,0.9966790766684022,81.43266296386719,70.94732284545898
425,True,-0.07860346265086969,-0.020563520169119047,0.9966938533459246,81.430419921875,70.97823333740234
426,True,-0.07907214533646058,-0.020657602280065728,0.9966548345841344,81.44801330566406,70.97223663330078
427,True,-0.07867411456091875,-0.020626181748049165,0.9966869841251825,81.4330749511719,70.97423934936523
428,True,-0.07886450147827902,-0.021067922619470377,0.9966626977283148,81.44024658203125,70.94608306884766
429,True,-0.07899578184408117,-0.021101796632221,0.996651584371256,81.44517517089844,70.94392395019531
430,True,-0.0788188465927209,-0.021136209252878145,0.9966648634722766,81.43853759765625,70.94173049926758
431,True,-0.07857237026353,-0.02117415287862601,0.996683519418799,81.4292907714844,70.93931198120117
432,True,-0.07874700751161108,-0.021300132678831876,0.9966670523077557,81.43585205078125,70.93128204345702
433,True,-0.07873226039442707,-0.02136488796010058,0.996666831361231,81.435302734375,70.92715454101562
434,True,-0.0792763802919167,-0.021559691892304774,0.9966195037291415,81.45573425292969,70.91473770141602
435,True,-0.0788827101953961,-0.021840974157749094,0.9966446156379262,81.44097900390625,70.89680862426758
436,True,-0.07950608997156984,-0.022038588878388946,0.9965907295663963,81.4643859863281,70.88421249389648
437,True,-0.07952959401592682,-0.022083055064482944,0.9965878698612988,81.46527099609375,70.88137817382812
438,True,-0.07969557475731515,-0.022029432309753055,0.9965757971555456,81.47149658203125,70.88479614257812
439,True,-0.07970804831384513,-0.022103582508471713,0.9965731577131148,81.47196960449219,70.88006973266602
440,True,-0.0800266204085645,-0.02243447403831185,0.9965402322037018,81.48394775390625,70.85897827148438
441,True,-0.08016150261357335,-0.02226205645562249,0.9965332580205745,81.48899841308594,70.86996841430664
442,True,-0.0804953935978001,-0.02220298787055927,0.9965076612546213,81.50152587890625,70.87373352050781
443,True,-0.08022784729176616,-0.022220163850103614,0.9965288539913952,81.4914855957031,70.87263870239258
444,True,-0.08008258232332309,-0.022288089697935085,0.9965390213464022,81.48603820800781,70.8683090209961
445,True,-0.07975926065512938,-0.022342310609248763,0.9965637367957891,81.4739074707031,70.86485290527344
446,True,-0.07985734084147861,-0.022515924806228122,0.9965519746826296,81.47760009765625,70.85378646850586
447,True,-0.07983935076596692,-0.02257194082442715,0.9965521489398773,81.4769287109375,70.85021591186523
448,True,-0.07975720343493332,-0.022582713127500712,0.9965584827635755,81.4738464355469,70.84952926635742
449,True,-0.07968435866194185,-0.022620236629392578,0.9965634590328232,81.47111511230469,70.84713745117188
450,True,-0.07908592484223297,-0.022585525895093852,0.9966119156983277,81.44865417480469,70.84934997558594
451,True,-0.07878848472978221,-0.02224655619613241,0.9966430983112246,81.4374694824219,70.87095642089844
452,True,-0.07836718865133614,-0.022270315278957294,0.9966757831914357,81.4216613769531,70.86944198608398
453,True,-0.0772167060993827,-0.02208796250091921,0.9967696334719068,81.37847900390625,70.88106536865234
454,True,-0.07713724368034279,-0.021944689077140353,0.9967789505495724,81.37548828125,70.89019775390625
455,True,-0.07662733354975629,-0.021666758897420924,0.9968243593090688,81.35633850097656,70.90791320800781
456,True,-0.07647590938440586,-0.021992267394561654,0.9968288596638213,81.3506774902344,70.88716506958008
457,True,-0.07638188027081722,-0.0217996796350324,0.9968402993128359,81.3471374511719,70.89944076538086
458,True,-0.07607372310466992,-0.021728700846804356,0.9968654132893288,81.3355712890625,70.90396499633789
459,True,-0.07609516698596644,-0.021549338278343575,0.9968676700450986,81.33636474609375,70.91539764404297
460,True,-0.07535043360019245,-0.021323772556208986,0.9969290891935264,81.30841064453125,70.92977523803711
461,True,-0.07487786227915624,-0.02129049718109158,0.9969654058543284,81.2906799316406,70.9318962097168
462,True,-0.07490970187638929,-0.02121903883184644,0.9969645374615101,81.2918701171875,70.93645095825195
463,True,-0.07507747479488942,-0.02109521334541912,0.9969545449780216,81.29815673828125,70.94434356689452
464,True,-0.07480336768153821,-0.021072231682506444,0.9969756352265684,81.2878723144531,70.94580841064452
465,True,-0.07449358643853,-0.02096863451711079,0.997001014014536,81.2762451171875,70.95241165161133
466,True,-0.0742023029539724,-0.02099640408560027,0.9970221508330701,81.26531982421875,70.95064163208008
467,True,-0.07391523607222275,-0.020924286961481745,0.9970449900037315,81.2545471191406,70.95523834228516
468,True,-0.07310229793917927,-0.020506065355267365,0.9971136120421068,81.2240295410156,70.98189544677734
469,True,-0.07316251531014478,-0.020498823649961858,0.9971093443461758,81.2262878417969,70.98235702514648
470,True,-0.07288772248779198,-0.020360093914678457,0.9971323114242804,81.2159729003906,70.9911994934082
471,True,-0.07286169830549681,-0.020352253697893213,0.9971343734369281,81.2149963378906,70.99169921875
472,True,-0.07193385156548149,-0.02027121810155276,0.9972033888408295,81.18019104003906,70.99686431884766
473,True,-0.07124467388943719,-0.019971193723101587,0.9972589171642748,81.1543273925781,71.01598739624023
474,True,-0.07103747979303515,-0.019754059456959634,0.9972780222182904,81.14654541015625,71.02982711791992
475,True,-0.07121554832079519,-0.019852452277960304,0.9972633683315153,81.1532287597656,71.02355575561523
476,True,-0.07081192327266612,-0.01956924322809437,0.9972977069270268,81.13807678222656,71.04160690307617
477,True,-0.07070657848524187,-0.019542729705035393,0.9973057011140497,81.1341247558594,71.04329681396484
478,True,-0.07059858791531198,-0.019663327221303522,0.9973109810620516,81.13008117675781,71.03561019897461
479,True,-0.07068010437102987,-0.019562180936614396,0.9973071963658456,81.13313293457031,71.04205703735352
480,True,-0.06968234881356848,-0.019298062507494856,0.9973825520066416,81.095703125,71.05889129638672
481,True,-0.06791329213916006,-0.018426875210169714,0.997521044901214,81.0293273925781,71.11441802978516
482,True,-0.05832199508390661,-0.012768634841871492,0.9982161623885417,80.66963195800781,71.47503662109375
483,True,-0.049868416250826914,-0.009679863370856662,0.9987088871667037,80.3529052734375,71.67188262939452
484,True,-0.046917057578415876,-0.006339586967860054,0.9988786709832483,80.2423400878906,71.88475036621094
485,True,-0.046118640386913455,-0.005043249860638355,0.9989232386123098,80.2124328613281,71.96736145019531
486,True,-0.04623685622031647,-0.004914729056174389,0.9989184143688443,80.21685791015625,71.97555160522461
487,True,-0.04711705080688083,-0.00520523264664136,0.9988758126395673,80.24981689453125,71.95703887939452
488,True,-0.047278081944457005,-0.00495058559068757,0.9988694983179547,80.25584411621094,71.9732666015625
489,True,-0.04751365596134128,-0.004821585841949859,0.9988589514076328,80.26466369628906,71.98148727416992
490,True,-0.04750422928214024,-0.005051271184306568,0.9988582646500616,80.2643127441406,71.96685028076172
491,True,-0.04753356806737325,-0.005060250277579447,0.9988568234606563,80.2654113769531,71.96627807617188
492,True,-0.04653963199127792,-0.005013319545583285,0.9989038638834321,80.22819519042969,71.96926879882812
493,True,-0.04654654350523087,-0.005083655778791099,0.998903186365745,80.22845458984375,71.96478652954102
494,True,-0.046693683115746884,-0.004993685256466031,0.9988967729773912,80.23396301269531,71.97052001953125
495,True,-0.046864832411425125,-0.005045704146272811,0.9988884964562947,80.24037170410156,71.96720504760742
496,True,-0.04643771339169784,-0.005162971075410741,0.9989078448508776,80.22438049316406,71.95973205566406
497,True,-0.046536763973402576,-0.005078447905360411,0.9989036685115119,80.22808837890625,71.96511840820312
498,True,-0.04650740212974137,-0.005160456930655236,0.9989046156823029,80.22698974609375,71.95989227294922
499,True,-0.046425958097610874,-0.0048922813059728105,0.9989097536806526,80.22393798828125,71.97698211669922
500,True,-0.046331430982929696,-0.004798419753221477,0.9989145977864904,80.22039794921875,71.98296356201172
501,True,-0.04558623735380484,-0.003756242588648236,0.9989533450594866,80.19248962402344,72.04937744140625
502,True,-0.04549946531616052,-0.003534697068403508,0.9989581095184012,80.1892395019531,72.06349563598633
503,True,-0.045339731050868734,-0.003358526053449051,0.9989659799467564,80.1832580566406,72.07472229003906
504,True,-0.0456894281631126,-0.0032545473929089554,0.9989503911983794,80.19635009765625,72.08134841918945
505,True,-0.045444896630959936,-0.0032517339226133543,0.998961554613939,80.18719482421875,72.08152770996094
506,True,-0.04547833145230465,-0.003146617865231742,0.9989603696665471,80.1884460449219,72.08822631835938
507,True,-0.04658644342001393,-0.003160086610313736,0.9989092637182264,80.22993469238281,72.08736801147461
508,True,-0.046188275625702505,-0.0031819359066708234,0.9989276843088343,80.21502685546875,72.08597564697266
509,True,-0.04567070547894246,-0.003084122880620958,0.9989517880494098,80.1956481933594,72.09220886230469
510,True,-0.04594459185311738,-0.00298762676970012,0.9989395219760481,80.2059020996094,72.09835815429688
511,True,-0.046171994867426625,-0.0030362339953600406,0.9989288904487084,80.21441650390625,72.09526062011719
512,True,-0.04577666676725521,-0.0030972324617326266,0.9989468974528914,80.1996154785156,72.09137344360352
513,True,-0.0454938024062004,-0.003257360863178792,0.9989593102538424,80.18902587890625,72.08116912841797
514,True,-0.045699268810140393,-0.002826899625367397,0.998951242788519,80.19671630859375,72.10860061645508
515,True,-0.04564058035174238,-0.0028345618521882446,0.9989539041839028,80.19451904296875,72.10811233520508
516,True,-0.04549261261199258,-0.003027434411932802,0.9989600877105234,80.18898010253906,72.09582138061523
517,True,-0.04532433174658552,-0.0027206460724655784,0.9989686196456192,80.18267822265625,72.11537170410156
518,True,-0.045768567608442064,-0.0027069977265175025,0.998948402262289,80.1993103027344,72.11624145507812
519,True,-0.04550733567904164,-0.0026305550077257134,0.9989605410524213,80.18952941894531,72.12111282348633
520,True,-0.04600333614479766,-0.002533520023104371,0.99893807332579,80.2080993652344,72.1272964477539
521,True,-0.045745760226420906,-0.002579313834421034,0.9989497848047469,80.1984558105469,72.1243782043457
522,True,-0.04529377461968252,-0.0026401327963663335,0.9989702216180015,80.18153381347656,72.12050247192383
523,True,-0.04481408558318898,-0.002526276818472367,0.9989921499485265,80.16357421875,72.12775802612305
524,True,-0.044376341136223935,-0.0026321712595757667,0.9990114173630958,80.1471862792969,72.12100982666016
525,True,-0.04426182628242481,-0.002506821929342944,0.9990168199674914,80.14289855957031,72.12899780273438
526,True,-0.04450677361507871,-0.0025578835286161677,0.999005807958207,80.1520690917969,72.1257438659668
527,True,-0.04448801851217239,-0.0026161883243125956,0.9990064923550359,80.1513671875,72.12202835083008
528,True,-0.04417460060915451,-0.002540882949990753,0.9990205946700279,80.13963317871094,72.12682723999023
529,True,-0.04442442730556991,-0.0026974798007551185,0.9990091059951839,80.14898681640625,72.11684799194336
530,True,-0.044763531776512336,-0.002658270732940178,0.998994073966209,80.16168212890625,72.11934661865234
531,True,-0.044683236184225636,-0.002695025492814462,0.998997570188085,80.15867614746094,72.11700439453125
532,True,-0.044687311243763184,-0.0027003531368601187,0.9989973735234439,80.15882873535156,72.11666488647461
533,True,-0.04429235839409684,-0.002814209061830501,0.999014648148487,80.14404296875,72.10940933227539
534,True,-0.04422265444182432,-0.0028789189588589053,0.9990175517275696,80.14143371582031,72.10528564453125
535,True,-0.04430622039759846,-0.0027788311205275053,0.9990141324984763,80.1445617675781,72.11166381835938
536,True,-0.044167222144168405,-0.0028912503532331066,0.9990199683487125,80.13935852050781,72.10449981689452
537,True,-0.044148873602851885,-0.002949136067519809,0.9990206101758135,80.138671875,72.10081100463867
538,True,-0.044412154745699504,-0.003052336633811527,0.9990086304691856,80.1485290527344,72.09423446655273
539,True,-0.04397030800987485,-0.0032779530703247973,0.9990274606021525,80.1319885253906,72.0798568725586
540,True,-0.0441019498083041,-0.003325602474539446,0.9990215004649736,80.13691711425781,72.07682037353516
541,True,-0.04378770680249838,-0.0033026158282161203,0.9990353995037762,80.1251525878906,72.07828521728516
542,True,-0.04363689718292608,-0.0033194367857236305,0.999041942334591,80.1195068359375,72.07721328735352
543,True,-0.043602645773788556,-0.0034145559902591053,0.9990431172321417,80.11822509765625,72.07115173339844
544,True,-0.04348159583743081,-0.003385762829615105,0.9990484910320879,80.11369323730469,72.0729866027832
545,True,-0.043764861508177495,-0.003441433595042084,0.9990359320024385,80.1242980957031,72.06943893432617
546,True,-0.043662978296560025,-0.003350504672739694,0.9990406990932411,80.1204833984375,72.07523345947266
547,True,-0.043694767972062044,-0.0033651706298431804,0.9990392599285074,80.1216735839844,72.07429885864258
548,True,-0.04338418515038205,-0.0033600225796768936,0.9990528127817376,80.11004638671875,72.07462692260742
549,True,-0.043534982235699196,-0.0034393384589008775,0.9990459830621924,80.1156921386719,72.06957244873047
550,True,-0.04279318743175731,-0.003222761163182377,0.9990787541129657,80.0879211425781,72.0833740234375
551,True,-0.04275649765838633,-0.003262030026548417,0.9990801975157422,80.0865478515625,72.08087158203125
552,True,-0.04217281587782794,-0.0031563153617484583,0.9991053454337396,80.064697265625,72.08760833740234
553,True,-0.04232728485195325,-0.003276037516230184,0.9990984278514575,80.07048034667969,72.0799789428711
554,True,-0.04260691875725358,-0.0031728968828820675,0.9990868747007857,80.08094787597656,72.08655166625977
555,True,-0.04250911802866119,-0.0029812216298293857,0.9990916310339203,80.07728576660156,72.0987663269043
556,True,-0.042394577245371254,-0.003000856076895277,0.9990964391303734,80.072998046875,72.09751510620117
557,True,-0.04252176367221839,-0.0029030429969564174,0.9990913231309548,80.0777587890625,72.1037483215332
558,True,-0.042099866353609045,-0.00305281552267531,0.9991087436162256,80.06196594238281,72.09420394897461
559,True,-0.04191278604196772,-0.002925311338316427,0.999116990607093,80.0549621582031,72.10232925415039
560,True,-0.04134007781452231,-0.0028984336895592363,0.999140929523176,80.03352355957031,72.10404205322266
561,True,-0.04099480538827819,-0.0029687106553368285,0.9991549492887588,80.0205993652344,72.09956359863281
562,True,-0.04137431043901126,-0.002965717599169176,0.9991393150881505,80.03480529785156,72.0997543334961
563,True,-0.04170490475461767,-0.0028817324323712457,0.999125816170114,80.04718017578125,72.10510635375977
564,True,-0.04178563085931234,-0.0027371078925617796,0.9991228499509326,80.0502014160156,72.11432266235352
565,True,-0.04174442062115801,-0.003070773854560782,0.9991236028114528,80.04866027832031,72.09305953979492
566,True,-0.0415580916684775,-0.0034061754448325224,0.9991302832892782,80.04168701171875,72.07168579101562
567,True,-0.04183040805997173,-0.003226951438474602,0.9991195142453929,80.0518798828125,72.0831069946289
568,True,-0.04163432041702166,-0.003384146581428999,0.9991271845542629,80.04454040527344,72.07308959960938
569,True,-0.041212446567750916,-0.003239402541865465,0.999145154879446,80.02874755859375,72.08231353759766
570,True,-0.041013546635990585,-0.0030491639950712933,0.9991539378850832,80.02130126953125,72.09443664550781
571,True,-0.041074687052677084,-0.0030857391303757446,0.9991513140148213,80.0235900878906,72.09210586547852
572,True,-0.04093119802291971,-0.003100045933408752,0.9991571581806434,80.0182189941406,72.09119415283202
573,True,-0.041059198728913365,-0.0030720309377557427,0.9991519928547693,80.02301025390625,72.09297943115234
574,True,-0.04022559907968657,-0.002867126314314819,0.9991865094992917,79.99180603027344,72.10603713989258
575,True,-0.03993822160332923,-0.002728128718055517,0.9991984266244924,79.9810485839844,72.11489486694336
576,True,-0.04025250270746047,-0.0028764646521593175,0.9991853992012147,79.99281311035156,72.10544204711914
577,True,-0.04101068401725303,-0.003121715650600841,0.999153831343219,80.02119445800781,72.08981323242188
578,True,-0.04110116597787352,-0.003218511026756743,0.9991498062563141,80.02458190917969,72.08364486694336
579,True,-0.04101436345051072,-0.0030367727453581603,0.9991539420940311,80.0213317871094,72.0952262878418
580,True,-0.04156141008451149,-0.0029730206561715197,0.999131528048217,80.04180908203125,72.09928894042969
581,True,-0.04124590833787973,-0.0029569180138824982,0.9991446500288347,80.0299987792969,72.10031509399414
582,True,-0.03793494651962186,-0.0026639575445574584,0.9992766599709783,79.90606689453125,72.11898422241211
583,True,-0.030072180475174397,-3.999666318217119e-05,0.9995477289062966,79.61181640625,72.28619766235352
584,True,-0.00795552847721954,0.003978188437542519,0.999960441009245,78.78446960449219,72.5422592163086
585,True,0.018786508065422997,0.010166194675453087,0.9997718317698937,77.7842102050781,72.93660354614258
586,True,0.03339785171799236,0.019713163581274437,0.9992477043667605,77.2373352050781,73.54505920410156
587,True,0.04561383045720762,0.033187692937525784,0.9984077100606272,76.7793884277344,74.40403747558592
588,True,0.06468927240230266,0.04206695602228356,0.9970183896233208,76.06364440917969,74.97027587890625
589,True,0.08766756049606694,0.04705012613545503,0.9950380316687931,75.20021057128906,75.28814697265625
590,True,0.10240709883900456,0.051659810264665484,0.9934002466834791,74.6449279785156,75.58226013183592
591,True,0.11539965780184518,0.055932383275782496,0.991743156003765,74.1544189453125,75.85492706298828
592,True,0.1277083387229457,0.060645977611824546,0.9899558806432392,73.68855285644531,76.15581512451172
593,True,0.14213590849548907,0.06425478491554977,0.987759437379172,73.1417236328125,76.38623809814453
594,True,0.15718061775465292,0.06845292671753421,0.9851946255568337,72.56974792480469,76.65435791015625
595,True,0.1711628521715977,0.07301272799786622,0.9825336735129201,72.03620910644531,76.94566345214842
596,True,0.18989055778339853,0.0764475191556626,0.9788244750105376,71.3202209472656,77.1651611328125
597,True,0.20006531585118778,0.08092140937538009,0.976435146283698,70.92832946777344,77.4511489868164
598,True,0.21487254363046512,0.08138869729744666,0.9732449177601692,70.35993957519531,77.48102569580078
599,True,0.22802050162110873,0.08469916916409699,0.9699653094741942,69.8514709472656,77.69271850585938
600,True,0.23869945734962245,0.08546476372385126,0.9673253554118293,69.43855285644531,77.74168395996092
601,True,0.24509156547058758,0.0883590815291487,0.9654650678540897,69.18879699707031,77.92682647705078
602,True,0.24868573177676942,0.09046312846627264,0.9643504701086362,69.04766845703125,78.06144714355469
603,True,0.24890618428210187,0.09071673175422383,0.9642697682733585,69.03889465332031,78.07767486572266
604,True,0.24610606872197813,0.09127530590639776,0.9649355530137266,69.14697265625,78.11341857910156
605,True,0.24442840171438676,0.09072436241557497,0.9654138213738385,69.21246337890625,78.07816314697266
606,True,0.24648938367259476,0.09153973933156642,0.964812655316986,69.13188171386719,78.13034057617188
607,True,0.24782567805245936,0.09135971547273089,0.9644873434558799,69.0802307128906,78.11882019042969
608,True,0.24763097156439287,0.09161472852023995,0.9645131639538351,69.0875549316406,78.13513946533203
609,True,0.2472022906904938,0.09117146216460632,0.9646651190771542,69.10456848144531,78.10677337646484
610,True,0.2472945615783811,0.09027629050835437,0.964725655917685,69.1017761230469,78.04949188232422
611,True,0.2465614204148265,0.09112353394933374,0.9648336475909243,69.12945556640625,78.10370635986328
612,True,0.24651705679833105,0.0915517805558413,0.9648044424568866,69.13079833984375,78.13111114501953
613,True,0.2466473478248752,0.09205141992994581,0.9647235987057826,69.12530517578125,78.1630859375
614,True,0.24675421486112417,0.09156000673106544,0.9647430344996938,69.12159729003906,78.13163757324219
615,True,0.24663953617748122,0.0919800102309444,0.9647324068943016,69.12567138671875,78.15851593017578
616,True,0.24631882383468953,0.09207991214852472,0.9648048128007111,69.13801574707031,78.16490936279297
617,True,0.24676169149475316,0.092059645724639,0.9646935727160735,69.12086486816406,78.16361236572266
618,True,0.24625600302120154,0.09287837880674918,0.9647443120984192,69.1397399902344,78.21601104736328
619,True,0.24670588043917213,0.09296241818933766,0.9646212714641553,69.1222229003906,78.22138977050781
620,True,0.2464751304708822,0.09330774753040932,0.9646469169132108,69.130859375,78.24349212646484
621,True,0.24702291542466043,0.0934263513268519,0.964495306433812,69.10951232910156,78.25108337402342
622,True,0.24748440445129888,0.09410075851512625,0.9643114210670035,69.09100341796875,78.29425048828125
623,True,0.2472077421036147,0.09398669160798193,0.9643935058079864,69.1018371582031,78.28694915771484
624,True,0.24722535852278468,0.09414140274683483,0.9643738996842142,69.10101318359375,78.2968521118164
625,True,0.24736270441947317,0.09385474433633352,0.9643666208594353,69.095947265625,78.27850341796875
626,True,0.24778057620458216,0.0939192282587582,0.9642530604664963,69.0796813964844,78.28263092041016
627,True,0.2475634897439026,0.09366415092302507,0.9643336276298206,69.08833312988281,78.26630401611328
628,True,0.2474478383477619,0.09376427547100415,0.9643535803544349,69.09272766113281,78.27271270751953
629,True,0.2474570065992669,0.09369192366048174,0.9643582598421236,69.0924377441406,78.26808166503906
630,True,0.24826486592453895,0.09356521740349986,0.9641629045133953,69.06121826171875,78.25997161865234
631,True,0.24805196632133913,0.0934848779379754,0.964225492092508,69.0695495605469,78.25482940673828
632,True,0.24822431071104065,0.09336520199725615,0.9641927352080809,69.06297302246094,78.2471694946289
633,True,0.248510908974989,0.09323741902565477,0.9641312731230427,69.0519714355469,78.2389907836914
634,True,0.24806738108056245,0.09338081716169919,0.964231609847989,69.06904602050781,78.2481689453125
635,True,0.24839383495023418,0.09356736295951087,0.9641294785180665,69.05621337890625,78.2601089477539
636,True,0.24825740517199663,0.09331251554778229,0.9641893150307216,69.0617370605469,78.2437973022461
637,True,0.24847060567457355,0.09316101075001423,0.9641490466684839,69.05360412597656,78.23410034179688
638,True,0.24889818950718368,0.09231488066439104,0.9641201450379332,69.03778076171875,78.17994689941406
639,True,0.24782066089969515,0.09199085881336207,0.9644286401419332,69.0798645019531,78.15921020507812
640,True,0.24812124236918964,0.09173478167207072,0.9643757457115704,69.06843566894531,78.142822265625
641,True,0.24813327114182088,0.09124371176159685,0.9644192370626097,69.06840515136719,78.11139678955078
642,True,0.24802560514079283,0.09109933131265252,0.9644605803395653,69.07270812988281,78.10215759277342
643,True,0.24740268345141705,0.09096031414101226,0.9646336783838756,69.09698486328125,78.09326171875
644,True,0.24721509682551351,0.09093670727535628,0.9646839954987685,69.1042785644531,78.09175109863281
645,True,0.247369204231728,0.09099620124795525,0.9646388796623342,69.09825134277344,78.0955581665039
646,True,0.24681441117215763,0.09048375556333174,0.9648291747334844,69.1202087402344,78.0627670288086
647,True,0.2467519296558559,0.09067118613353295,0.9648275603527553,69.1224670410156,78.07476043701172
648,True,0.2465320369572604,0.09054205969130928,0.9648958960326027,69.131103515625,78.06649780273438
649,True,0.2469965279467056,0.09089032798139998,0.9647443513499864,69.11279296875,78.08878326416016
650,True,0.2461609844514321,0.09065640165043755,0.9649798892068665,69.1453857421875,78.07381439208984
651,True,0.2458964196778118,0.0901643292902122,0.9650934382293145,69.15606689453125,78.04232788085938
652,True,0.24522860135771501,0.08973841316996349,0.9653030354649652,69.18231201171875,78.01507568359375
653,True,0.2441976051542663,0.08910415885848727,0.9656231037579013,69.22279357910156,77.97449493408203
654,True,0.2388809211386839,0.08813118386805198,0.9670412607256991,69.42938232421875,77.91224670410156
655,True,0.23335484589638947,0.08618080783193646,0.9685651161682972,69.6445007324219,77.78748321533203
656,True,0.22614302673447634,0.0840462628571693,0.970461517608562,69.92433166503906,77.65096282958984
657,True,0.22439601962696412,0.08203029406417343,0.9710393695578571,69.99310302734375,77.52204895019531
658,True,0.22324340084104421,0.08192386079134255,0.9713139888902896,70.0375671386719,77.51524353027342
659,True,0.2246937172086995,0.08381482018880748,0.9708181134299333,69.9803466796875,77.63616180419922
660,True,0.224667834997968,0.08396812163786341,0.9708108561743295,69.9812316894531,77.64596557617188
661,True,0.2245148517454787,0.08405664188101325,0.9708385871510221,69.987060546875,77.65162658691406
662,True,0.2235316321490106,0.08470465662049068,0.9710091300166049,70.02445983886719,77.69306945800781
663,True,0.22284035854305037,0.0850131429670585,0.9711410505829043,70.05085754394531,77.71279907226562
664,True,0.22271076617274357,0.08489003570211429,0.9711815466066287,70.0559387207031,77.70492553710938
665,True,0.22263922177894957,0.08492260199427074,0.9711951032599919,70.05867004394531,77.7070083618164
666,True,0.22340464650249806,0.08475750307988292,0.9710337427673447,70.02931213378906,77.69644927978516
667,True,0.22308447758621877,0.08486450748295132,0.9710980028965974,70.04156494140625,77.70329284667969
668,True,0.22296277267943546,0.08503449574242898,0.9711110835187339,70.04612731933594,77.71416473388672
669,True,0.22321894939035986,0.08489731242727823,0.9710642342171237,70.03636169433594,77.70539093017578
670,True,0.22291740897950493,0.08572671003701533,0.9710606366031389,70.04736328125,77.75843811035156
671,True,0.22311562543935431,0.08576082464935163,0.9710121001513158,70.0397033691406,77.7606201171875
672,True,0.2227996284903103,0.08579446203579416,0.9710816833966999,70.0518493652344,77.76277160644531
673,True,0.22252131877156375,0.08590682451112762,0.9711355622129068,70.06248474121094,77.76995849609375
674,True,0.22240180903994491,0.08546583728638336,0.9712018461641726,70.0674133300781,77.74175262451172
675,True,0.22281652498834337,0.08547192080552439,0.9711062490510156,70.05143737792969,77.74214172363281
676,True,0.2228895791875741,0.08546380944596163,0.9710901980581261,70.04862976074219,77.74162292480469
677,True,0.2227292732282548,0.08518682697828256,0.9711513143463204,70.05500793457031,77.72390747070312
678,True,0.2228738125571488,0.08506634589903862,0.9711287146777331,70.0495300292969,77.71620178222656
679,True,0.2235204979684362,0.08443636471538862,0.9710350597695184,70.02508544921875,77.67591094970703
680,True,0.22344001566553834,0.08458536351134267,0.9710406148452484,70.028076171875,77.68544006347656
681,True,0.22385758264182615,0.08427161685134968,0.9709717180675332,70.01222229003906,77.66537475585938
682,True,0.22448321391611503,0.08446988662683695,0.9708100354462457,69.98797607421875,77.67805480957031
683,True,0.2244254671145908,0.08438268174000423,0.9708309702171449,69.9902648925781,77.67247772216797
684,True,0.2244582039184499,0.0843068093837982,0.9708299936576061,69.98905944824219,77.6676254272461
685,True,0.22408891204617234,0.08429285168011973,0.970916512710334,70.0032958984375,77.66673278808592
686,True,0.22465149025228953,0.08447251111408977,0.9707708806889014,69.98149108886719,77.67822265625
687,True,0.22484955480314117,0.08453239698212019,0.9707198110501744,69.97381591796875,77.68205261230469
688,True,0.22488549475705566,0.08447549348525664,0.9707164391563051,69.97247314453125,77.67841339111328
689,True,0.22504277904618408,0.08449291051775544,0.9706784718285498,69.9664001464844,77.67952728271484
690,True,0.22505335189606376,0.08447847585566673,0.97067727691414,69.96600341796875,77.67860412597656
691,True,0.22511178279083885,0.08471491577120485,0.9706431209742373,69.96357727050781,77.6937255859375
692,True,0.22522180572914588,0.08478004923944528,0.9706119108454523,69.95928955078125,77.69789123535156
693,True,0.22555859032378028,0.08501564804328572,0.9705130920904309,69.9461364746094,77.71295928955078
694,True,0.22532622348221026,0.08538102554072916,0.9705349934385975,69.95481872558594,77.736328125
695,True,0.22530528690861926,0.08533760550460154,0.9705436727823049,69.9556579589844,77.73355102539062
696,True,0.225092202126064,0.08540166192962946,0.9705874801797602,69.96382141113281,77.7376480102539
697,True,0.2252762810671447,0.08544496244157795,0.9705409602803553,69.9566955566406,77.74041748046875
698,True,0.22543740620370986,0.0854667915641064,0.970501624637425,69.9504699707031,77.74181365966797
699,True,0.22512948191158863,0.08531684971578832,0.9705862926750991,69.96244812011719,77.73222351074219
700,True,0.2256600321726505,0.08503199067024539,0.9704880784648999,69.94221496582031,77.71400451660156
701,True,0.22617754115011757,0.0851519949525996,0.970357077386917,69.92218017578125,77.7216796875
702,True,0.22583119330186327,0.08504630536119717,0.9704470094117794,69.93560791015625,77.71492004394531
703,True,0.22693538419508266,0.08595191233105547,0.970109581525131,69.8923645019531,77.77284240722656
704,True,0.22637235835551628,0.0831479060224365,0.9704854357983153,69.91615295410156,77.59351348876953
705,True,0.21782469076545968,0.0828330475383117,0.9724664983064699,70.2454528808594,77.57337951660156
706,True,0.20352528913641496,0.08081078983641281,0.975728995637597,70.79582214355469,77.44407653808592
707,True,0.18010709399292196,0.07397388997985196,0.980861508213404,71.6949768066406,77.007080078125
708,True,0.16524440675472069,0.06616913882463811,0.9840304523252754,72.26438903808594,76.50849151611328
709,True,0.1552171950761398,0.06336932777441072,0.9858458047028018,72.64625549316406,76.32969665527342
710,True,0.14336582778030402,0.06763639874227372,0.9873558411181069,73.09393310546875,76.60220336914062
711,True,0.12584143551282773,0.07783741685504912,0.988992047311506,73.7533874511719,77.25399780273438
712,True,0.1173012257340878,0.09828651645449087,0.9882207157940586,74.06813049316406,78.5622329711914
713,False,0.0498420369136418,0.08017796015569548,0.9955336589295065,76.61598205566406,77.40361785888672
714,False,0.049022096105471036,0.060843394396885964,0.9969427844423625,76.64930725097656,76.16841888427734
715,False,0.056931063264948095,0.05074011056394784,0.997087907466278,76.35374450683594,75.52357482910156
716,False,0.09201087834065487,0.05986895468046669,0.9939565918753441,75.0345458984375,76.10620880126953
717,False,0.1303261389973616,0.08236247440042577,0.9880442906594216,73.5819396972656,77.54328918457031
718,True,0.1413124666162092,0.09431732728843416,0.9854618351575108,73.16004943847656,78.30811309814453
719,True,0.13182645892298792,0.10104453629222732,0.9861094190876156,73.5165100097656,78.7388687133789
720,False,0.13218616411376405,0.08822086471284886,0.9872911916178561,73.5090026855469,77.91798400878906
721,False,0.09830428602609358,0.0752709316571741,0.9923056757856226,74.7937927246094,77.0899658203125
722,False,0.03535978107347071,0.06916406661071428,0.996978443985779,77.1609802246094,76.69978332519531
723,False,0.006500869768737898,0.07192014480937035,0.9973892076129806,78.24314880371094,76.8758544921875
724,False,0.008267810141347625,0.06058467276388466,0.9981288197129465,78.1771240234375,76.15190124511719
725,False,-0.009444797901960483,0.06604597465689295,0.9977718802533032,78.8409423828125,76.50062561035156
726,False,-0.01327584822477769,0.08154381957270725,0.9965813350366374,78.98512268066406,77.4909439086914
727,False,-0.036008011444426835,0.07428383518528715,0.9965868426494418,79.8376770019531,77.02688598632812
728,False,-0.053351469717783394,0.06988914467943845,0.9961270642518096,80.4881591796875,76.74610137939453
729,True,-0.058100493890428324,0.058713750324064,0.9965826750112465,80.6649169921875,76.03246307373047
730,True,-0.026194257475406817,0.050779807285032674,0.9983663015383718,79.4679870605469,75.52610778808592
731,True,0.013868755554107031,0.045295427265819165,0.9988773607846898,77.96766662597656,75.17620849609375
732,True,0.026831694375585927,0.036386183699741954,0.9989775301840896,77.48260498046875,74.60798645019531
733,True,0.007825717424465006,0.014245980157403308,0.9998678963723894,78.19419860839844,73.19660949707031
734,True,-0.010079435908785395,-0.0012924162395799171,0.9999483659829764,78.86390686035156,72.20638656616211
735,True,-0.02729154166224934,-0.011527021796138407,0.9995610534240562,79.5078430175781,71.55416488647461
736,True,-0.028763177867341293,-0.01674718527403975,0.9994459522077064,79.56298828125,71.22147369384766
737,True,-0.028819435908804484,-0.020560168640174358,0.9993731633275861,79.56517028808594,70.97844696044922
738,True,-0.030340105358837827,-0.024306546214059865,0.9992440491781567,79.62217712402344,70.7396469116211
739,True,-0.032604468594396745,-0.0283019856582633,0.9990675383753975,79.7070617675781,70.48494720458984
740,True,-0.03292330615018401,-0.029061912481725315,0.9990352652209259,79.7190246582031,70.4365005493164
741,True,-0.03535368932181137,-0.03093437137673877,0.9988959812307099,79.8100891113281,70.31712341308594
742,True,-0.034377616243190516,-0.028570056222975208,0.9990004661604778,79.77345275878906,70.46785736083984
743,True,-0.03633295317680968,-0.028688712695269816,0.9989278623991524,79.84666442871094,70.46029281616211
744,True,-0.03719662549708694,-0.027813888570593148,0.9989208170091421,79.87896728515625,70.51606369018555
745,True,-0.035918958647830956,-0.02822084604052344,0.9989561613296213,79.8311462402344,70.49011993408202
746,True,-0.03563755236471269,-0.02759589724766413,0.9989836992246414,79.8205871582031,70.52996063232422
747,True,-0.03585248904801966,-0.026171711297267704,0.9990143345101882,79.8285827636719,70.6207504272461
748,True,-0.03619649446662159,-0.024377101876900377,0.999047331557625,79.8414001464844,70.73514938354492
749,True,-0.03485891929284955,-0.023190685656478208,0.9991231394800727,79.7912902832031,70.81077575683594
750,True,-0.034202992664962975,-0.023768009248386363,0.9991322420126021,79.7667541503906,70.77397537231445
751,True,-0.035982958248821764,-0.020818235690012833,0.9991355402438744,79.83329772949219,70.96199798583984
752,True,-0.035487039997779385,-0.019442899883337427,0.9991809864265445,79.814697265625,71.0496597290039
753,True,-0.034523177416690136,-0.019090740865534358,0.9992215439201962,79.77861022949219,71.07210540771484
754,True,-0.03507833751321585,-0.01857931606051672,0.9992118490350443,79.79937744140625,71.10470199584961
755,True,-0.034750306064478466,-0.01836935815435764,0.9992271928392572,79.78709411621094,71.11808395385742
756,True,-0.03566485175141809,-0.016798299707026277,0.999222615574979,79.8212890625,71.21821594238281
757,True,-0.0350179910871755,-0.015150945175828183,0.9992718294640841,79.79704284667969,71.32320785522461
758,True,-0.035405430377100255,-0.014880282503345508,0.9992622442044095,79.81153869628906,71.34045791625977
759,True,-0.03375388304938477,-0.014871005015033889,0.9993195327766445,79.7497253417969,71.34104919433594
760,True,-0.03446468148701694,-0.013669829100819245,0.9993124243710537,79.77630615234375,71.4176025390625
761,True,-0.03465827811725749,-0.012914325443455357,0.9993157778982014,79.7835388183594,71.46575164794922
762,True,-0.03469009292672821,-0.012882541691281302,0.9993150842313486,79.78472900390625,71.46777725219727
763,True,-0.03475891934211878,-0.013048403651375216,0.9993105406670735,79.78730773925781,71.45720672607422
764,True,-0.03576667383114289,-0.012273859413429537,0.9992847929485148,79.82501220703125,71.5065689086914
765,True,-0.03442790749460474,-0.012008872587893425,0.9993350319911289,79.77490234375,71.52345657348633
766,True,-0.035127738082996254,-0.01149457907397404,0.9993167249021125,79.80108642578125,71.55623245239258
767,True,-0.03456846339028985,-0.011251018844020992,0.9993389994960697,79.7801513671875,71.5717544555664
768,True,-0.033583362913021615,-0.01140257815225175,0.9993708715721776,79.7432861328125,71.56209564208984
769,True,-0.032979935105544984,-0.011382346316543142,0.9993911977162718,79.720703125,71.56338500976562
770,True,-0.032595038869906584,-0.01137133253419809,0.9994039504812187,79.706298828125,71.5640869140625
771,True,-0.03226231817585917,-0.01138851163975309,0.9994145509389738,79.69384765625,71.56299209594727
772,True,-0.0332972247285984,-0.011178112259859048,0.9993829819602089,79.7325744628906,71.57640075683594
773,True,-0.032896749200000595,-0.011405571026960432,0.9993936746055687,79.71759033203125,71.56190490722656
774,True,-0.03331190173185123,-0.011181284715089092,0.9993824573581065,79.7331237792969,71.57619857788086
775,True,-0.03255194592275368,-0.0110226618163808,0.9994092613855066,79.7046813964844,71.58630752563477
776,True,-0.03288552160387548,-0.010890376092340386,0.9993997909632604,79.7171630859375,71.5947380065918
777,True,-0.032539381526670026,-0.010810166555837043,0.9994119915975078,79.70420837402344,71.59984970092773
778,True,-0.032386533652819495,-0.010652680316246312,0.9994186474346146,79.698486328125,71.6098861694336
779,True,-0.033468711551504327,-0.010512073792286499,0.999384481394257,79.7389831542969,71.61884689331055
780,True,-0.0343232724313038,-0.010580611268374044,0.9993547736588815,79.7709655761719,71.6144790649414
781,True,-0.03362839809704316,-0.010907495432119815,0.9993748833069726,79.7449645996094,71.59364700317383
782,True,-0.034033670105725354,-0.010915636096068458,0.9993610749812867,79.7601318359375,71.5931282043457
783,True,-0.033436040886381024,-0.01066010270674437,0.9993840069663542,79.7377624511719,71.60941314697266
784,True,-0.03441430653243622,-0.010263961732412452,0.9993549452499083,79.77436828613281,71.63465881347656
785,True,-0.034328989944485286,-0.010554453302998897,0.9993548538756722,79.77117919921875,71.61614608764648
786,True,-0.03698535015561947,-0.00998861347208638,0.9992658862759058,79.87059020996094,71.65220642089844
787,True,-0.0459657938328259,-0.012261888037006875,0.9988677549601279,80.2068176269531,71.50733184814452
788,True,-0.05672374299846061,-0.01803634458403518,0.9982269818304305,80.60992431640625,71.13930892944336
789,True,-0.06643710021696697,-0.02445591581979099,0.9974908620614907,80.97430419921875,70.7301254272461
790,True,-0.06812748351168534,-0.026343753444810526,0.9973287585569786,81.0378112792969,70.60978317260742
791,True,-0.06794954436575447,-0.02795552537573618,0.997297020962889,81.03125,70.50703430175781
792,True,-0.06772676780366856,-0.02652854080219097,0.997351152526418,81.0227966308594,70.59800338745117
793,True,-0.06715755134761751,-0.02580847542331404,0.997408535101498,81.00140380859375,70.64390563964844
794,True,-0.06606575270031453,-0.025074932078890375,0.9975001574442882,80.9604187011719,70.69066619873047
795,True,-0.06599642999451309,-0.025644210302528454,0.9974902734893906,80.9578552246094,70.65437698364258
796,True,-0.06616371763501869,-0.025385573617805197,0.9974858069771261,80.964111328125,70.67086410522461
797,True,-0.06595688348337679,-0.02544541566789471,0.9974979801195831,80.95635986328125,70.66704940795898
798,True,-0.06597626439949678,-0.025536375409330233,0.9974943739524756,80.95709228515625,70.66125106811523
799,True,-0.06655518828975454,-0.025393532615716478,0.9974595607908171,80.9787902832031,70.67035675048828
800,True,-0.06694504981301885,-0.02538443661797222,0.9974337023998741,80.993408203125,70.67093658447266
801,True,-0.06793807165889869,-0.025302811912678195,0.997368631012918,81.0306396484375,70.67613983154297
802,True,-0.06762687191230428,-0.02501305481876362,0.9973970890693387,81.0189514160156,70.69461059570312
803,True,-0.06761713616560945,-0.02499516186010008,0.9973981977025769,81.0185852050781,70.69575119018555
804,True,-0.06880782179329674,-0.023974591870924215,0.9973418183374668,81.06317138671875,70.76080703735352
805,True,-0.06816535194262352,-0.02420331570049436,0.9973804110286308,81.0390930175781,70.7462272644043
806,True,-0.06774231366945047,-0.024108822151959294,0.9974115217066399,81.0232238769531,70.75225067138672
807,True,-0.06869774720287546,-0.024103256660741725,0.9973463052258209,81.0590515136719,70.75260543823242
808,True,-0.06910031437268778,-0.024011814934758242,0.9973207003251936,81.07414245605469,70.7584342956543
809,True,-0.06907481724659198,-0.023929289801454274,0.9973244500722661,81.07318115234375,70.7636947631836
810,True,-0.06951423489162298,-0.02344401001228064,0.9973054444561988,81.0896301269531,70.79462814331055
811,True,-0.06933056801767506,-0.02354395093484387,0.9973158750931042,81.08274841308594,70.78825759887695
812,True,-0.0687841953756626,-0.02374293440543093,0.9973489898387334,81.06227111816406,70.77557373046875
813,True,-0.06897397993212288,-0.02338727697707504,0.9973442862762691,81.0693664550781,70.79824447631836
814,True,-0.06923656078353216,-0.02355418439329246,0.9973221641217219,81.0792236328125,70.78760528564452
815,True,-0.06895941358271519,-0.023587817145773796,0.9973405707984739,81.06883239746094,70.78546142578125
816,True,-0.06964816771297198,-0.02315029006832918,0.9973029613933662,81.0946350097656,70.81335067749023
817,True,-0.06966318192380058,-0.022921979480070093,0.9973071863478007,81.0951843261719,70.8279037475586
818,True,-0.06972815343390608,-0.023002651353294795,0.9973007884532211,81.0976257324219,70.82276153564452
819,True,-0.06965461360629979,-0.02319002735830798,0.9973015880035877,81.0948791503906,70.81081771850586
820,True,-0.06991706421757841,-0.022927545125974755,0.9972892919337355,81.1047058105469,70.82754898071289
821,True,-0.07006060702430185,-0.022724967127799423,0.997283854884068,81.1100769042969,70.84046173095702
822,True,-0.07016962382578673,-0.02248384722550442,0.9972816555547824,81.11415100097656,70.85583114624023
823,True,-0.07015546403717594,-0.02268959817016945,0.9972779918360801,81.11363220214844,70.84271621704102
824,True,-0.07085118973332666,-0.022942745918695384,0.9972230138354621,81.1397399902344,70.82658004760742
825,True,-0.07066443718027561,-0.023197627709297588,0.9972303682633497,81.13275146484375,70.81033325195312
826,True,-0.07084119533629848,-0.023083801840229623,0.9972204686707575,81.1393737792969,70.81758880615234
827,True,-0.07095426900080541,-0.023101396394785662,0.9972120221874445,81.14361572265625,70.81646728515625
828,True,-0.07116567410224828,-0.023193019622637107,0.9971948308481932,81.15155029296875,70.81062698364258
829,True,-0.07137987399973884,-0.023313667547016866,0.9971767077570999,81.15959167480469,70.80293655395508
830,True,-0.07152528553949754,-0.023208579393798643,0.9971687396679737,81.1650390625,70.80963516235352
831,True,-0.07167611728992415,-0.023510617371803478,0.9971508336661198,81.17071533203125,70.7903823852539
832,True,-0.0721879459177153,-0.023948799021020352,0.9971034828389839,81.18994140625,70.762451171875
833,True,-0.07236354961642977,-0.024024621576035916,0.997088929958125,81.196533203125,70.75761795043945
834,True,-0.07235339543417697,-0.024015644958731028,0.9970898830929746,81.19615173339844,70.7581901550293
835,True,-0.07272331931684481,-0.023926776343055945,0.9970651073031137,81.21002197265625,70.76385498046875
836,True,-0.07249031705014129,-0.023877344963839666,0.9970832594780878,81.20127868652344,70.76700592041016
837,True,-0.07242176171034384,-0.024001042990445455,0.9970852713615527,81.19871520996094,70.75912094116211
838,True,-0.07248707288337432,-0.024105291356542324,0.9970780105856395,81.201171875,70.75247573852539
839,True,-0.07223183043257364,-0.0239774045473272,0.9970996172617527,81.19158935546875,70.76062774658202
840,True,-0.07168567963652665,-0.024104932292584764,0.9971359564142791,81.1711120605469,70.75249862670898
841,True,-0.0716328311406277,-0.024083508137491,0.9971402720473032,81.16912841796875,70.75386428833008
842,True,-0.07172119067337299,-0.02427099904032947,0.9971293744614979,81.1724548339844,70.74191284179688
843,True,-0.07191911595699295,-0.024145865563705696,0.9971181564569688,81.17987060546875,70.7498893737793
844,True,-0.07298139970160365,-0.024054423931593433,0.9970431785970526,81.21971130371094,70.75571823120117
845,True,-0.0726217865098305,-0.024066572275217305,0.9970691431505853,81.20622253417969,70.75494384765625
846,True,-0.07286381763126112,-0.023835274385660216,0.9970570413848742,81.21528625488281,70.76968765258789
847,True,-0.07300103410535151,-0.023523304476079532,0.9970544133426597,81.22041320800781,70.7895736694336
848,True,-0.07354610696076883,-0.023285959249117145,0.9970199267079689,81.2408447265625,70.80470275878906
849,True,-0.07337929517526431,-0.0233080421056949,0.9970317017090182,81.2345886230469,70.80329513549805
850,True,-0.07335348850741161,-0.023175245569474586,0.997036696273807,81.2336120605469,70.81175994873047
851,True,-0.07339306586687203,-0.02310420912903445,0.9970354323709779,81.23509216308594,70.81628799438477
852,True,-0.07353081803538192,-0.023187633546695098,0.997023345990229,81.2402648925781,70.81097030639648
853,True,-0.07355608815221322,-0.02315789042632149,0.9970221732773782,81.2412109375,70.8128662109375
854,True,-0.07395473403230776,-0.02314460476029478,0.9969929912415133,81.25616455078125,70.81371307373047
855,True,-0.0738832413464151,-0.02308846978397215,0.9969995933856654,81.25347900390625,70.81729125976562
856,True,-0.07380050675125968,-0.022945079898210412,0.9970090313090058,81.2503662109375,70.82643127441406
857,True,-0.07388959529122645,-0.0229399930196195,0.9970025498603093,81.25370788574219,70.82675552368164
858,True,-0.07400131758483455,-0.023019467948969093,0.9969924318123257,81.2579040527344,70.82168960571289
859,True,-0.07430326578183288,-0.022936641663987997,0.9969718828348832,81.26922607421875,70.82696914672852
860,True,-0.07414475169548793,-0.022867819125328676,0.9969852650086989,81.2632751464844,70.83135604858398
861,True,-0.07395619714171724,-0.02276213143334339,0.9970016882016532,81.2561950683594,70.83809280395508
862,True,-0.07408465529635884,-0.022807195355837185,0.9969911211689001,81.2610168457031,70.83522033691406
863,True,-0.07405849998890889,-0.022879967807430006,0.9969913969801965,81.2600402832031,70.83058166503906
864,True,-0.0741283415955178,-0.02295028646744711,0.9969845903138926,81.2626647949219,70.82609939575195
865,True,-0.07400346552307777,-0.0229523810640909,0.9969938190851854,81.25798034667969,70.82596588134766
866,True,-0.07372455166871382,-0.023120307540683612,0.9970106026820734,81.2475280761719,70.81526184082031
867,True,-0.07374501134073468,-0.023048852091610547,0.9970107440341924,81.248291015625,70.81981658935547
868,True,-0.07384760691189667,-0.02299445251247394,0.997004406262599,81.25213623046875,70.82328414916992
869,True,-0.07394890796885198,-0.022983321237059626,0.996997154436826,81.25593566894531,70.82399368286133
870,True,-0.07364492522444997,-0.023062317323440544,0.9970178305869751,81.2445373535156,70.8189582824707
871,True,-0.07348620726856207,-0.023109236142981014,0.9970284552339366,81.23858642578125,70.81596755981445
872,True,-0.07375953376375517,-0.02311982877759836,0.9970080263950978,81.24884033203125,70.81529235839844
873,True,-0.07364208856279082,-0.023056033549107038,0.9970181854455276,81.24443054199219,70.8193588256836
874,True,-0.07362276097213351,-0.023179195359699516,0.9970167571156049,81.24371337890625,70.81150817871094
875,True,-0.07370433612974463,-0.023048373327735166,0.997013762855167,81.24676513671875,70.8198471069336
876,True,-0.07406482586038524,-0.022987151353652813,0.996988461539508,81.2602844238281,70.82374954223633
877,True,-0.07464634578713002,-0.022819942512760094,0.9969489321346117,81.28208923339844,70.83440780639648
878,True,-0.0745296738571914,-0.022783855481440376,0.9969584864196409,81.2777099609375,70.83670806884766
879,True,-0.07465981552570225,-0.022792054361810726,0.9969485614632464,81.2825927734375,70.83618545532227
880,True,-0.07475644892064597,-0.02289097941784419,0.9969390535063147,81.2862243652344,70.82987976074219
881,True,-0.07497152247236877,-0.02270288397484526,0.9969272039007662,81.2942810058594,70.84186935424805
882,True,-0.07483560131227307,-0.02274645181068278,0.9969364231014207,81.2891845703125,70.83909225463867
883,True,-0.07503750863040984,-0.022646030278084543,0.9969235324793899,81.2967529296875,70.84549331665039
884,True,-0.0750314775912748,-0.02284334221369829,0.9969194847564059,81.2965393066406,70.83291625976562
885,True,-0.0748897465515587,-0.02295459535186192,0.996927586344001,81.2912292480469,70.82582473754883
886,True,-0.07483433186398854,-0.022775357370242163,0.9969358584538567,81.28913879394531,70.83724975585938
887,True,-0.07490610154647741,-0.022904564389909007,0.9969275083381024,81.2918395996094,70.82901382446289
888,True,-0.07483102654136284,-0.023042508469832673,0.9969299675855791,81.2890319824219,70.82022094726562
889,True,-0.07481458584732098,-0.023141792028674682,0.9969289017809623,81.2884216308594,70.81389236450195
890,True,-0.07480934740679504,-0.023113485166218296,0.9969299515733492,81.28822326660156,70.8156967163086
891,True,-0.07501871602325053,-0.023167585369219448,0.9969129627175999,81.29608154296875,70.81224822998047
892,True,-0.07505478691182016,-0.02324053675231846,0.9969085496739836,81.29743957519531,70.80759811401367
893,True,-0.07527895984542349,-0.022964709259438127,0.9968980390858538,81.30583190917969,70.82518005371094
894,True,-0.0754832736408063,-0.02311504114645427,0.9968791151755888,81.3135070800781,70.81559753417969
895,True,-0.07573857005983807,-0.023179135514395783,0.9968582630856285,81.3230895996094,70.8115119934082
896,True,-0.07624428990281187,-0.02329308082199235,0.99681705475129,81.3420715332031,70.80424880981445
897,True,-0.07586937110343507,-0.02326698833073459,0.9968462698843722,81.3280029296875,70.80591201782227
898,True,-0.07610950158201531,-0.02316285758869565,0.9968303896838535,81.3370056152344,70.81254959106445
899,True,-0.07621342325626819,-0.023269920744533764,0.9968199561124887,81.3409118652344,70.80572509765625
900,True,-0.07610946250660179,-0.02318500035376738,0.9968298779007139,81.3370056152344,70.81113815307617
901,True,-0.07617732426048278,-0.023215880515252137,0.9968239755144409,81.33955383300781,70.80916976928711
902,True,-0.07614845171575527,-0.023214743455435033,0.9968262080160171,81.3384704589844,70.80924224853516
903,True,-0.0762217469784522,-0.023162558362062786,0.9968218201753394,81.3412170410156,70.81256866455078
904,True,-0.07617166541728225,-0.023425158853885762,0.9968195119078618,81.33935546875,70.79582977294922
905,True,-0.07623821191265129,-0.023508462957493665,0.9968124634121194,81.34185791015625,70.79051971435547
906,True,-0.07626276135296259,-0.02342539823372713,0.9968125410268535,81.3427734375,70.79581451416016
907,True,-0.07627854685323972,-0.02346728968527072,0.9968103478620122,81.34336853027344,70.79314422607422
908,True,-0.07673345934349536,-0.02355155122293328,0.9967734449974947,81.3604431152344,70.78777313232422
909,True,-0.07653752757856554,-0.023506488077613765,0.9967895725229159,81.35308837890625,70.79064559936523
910,True,-0.07677323784085652,-0.023367169047775607,0.9967747214702647,81.36192321777344,70.79952621459961
911,True,-0.07664662560000084,-0.023444787996416284,0.9967826426558282,81.357177734375,70.7945785522461
912,True,-0.07647420018886263,-0.023443471407870717,0.9967959171033066,81.3507080078125,70.79466247558594
913,True,-0.07652818161066438,-0.02350235878302304,0.9967903874692007,81.35273742675781,70.79090881347656
914,True,-0.0764927229508506,-0.023319113452274276,0.9967974128594859,81.35139465332031,70.8025894165039
915,True,-0.07695011273323571,-0.02292335593019867,0.9967713879838445,81.3685302734375,70.82781600952148
916,True,-0.07665673065653836,-0.023022938989258338,0.9967916983629769,81.35752868652344,70.82146835327148
917,True,-0.07691802014730593,-0.02313377275028414,0.9967690036989296,81.3673400878906,70.81440353393555
918,True,-0.07671967980307234,-0.023070755533255105,0.99678574978279,81.3598937988281,70.81842041015625
919,True,-0.07704080247114957,-0.023149871150920615,0.9967591475478402,81.3719482421875,70.8133773803711
920,True,-0.07697146041051284,-0.023267467092184864,0.9967617665507574,81.3693542480469,70.80588150024414
921,True,-0.07677546129095172,-0.023261003812155984,0.9967770333656433,81.36199951171875,70.80629348754883
922,True,-0.07669394532813546,-0.023363219274837876,0.9967809181234966,81.35894775390625,70.79977798461914
923,True,-0.07654350796949225,-0.02357285596024176,0.9967875459944321,81.35331726074219,70.78641510009766
924,True,-0.07652299115884385,-0.023674232849923548,0.9967867186730927,81.35255432128906,70.77995300292969
925,True,-0.07691361720226528,-0.02354742193272284,0.9967596572941673,81.36720275878906,70.78803634643555
926,True,-0.0772229985310832,-0.023591946432050558,0.9967346831335888,81.3788146972656,70.78519821166992
927,True,-0.0769622979335552,-0.024055560968832077,0.9967437658110843,81.36906433105469,70.75564575195312
928,True,-0.07745060617187509,-0.0243098974611772,0.9966997704870991,81.38740539550781,70.73943328857422
929,True,-0.07755609197932288,-0.02422049088212726,0.9966937445466002,81.391357421875,70.74513244628906
930,True,-0.07779422266451136,-0.02430122012432924,0.9966732210812596,81.4002990722656,70.73998641967773
931,True,-0.07757203864728004,-0.02481521450381722,0.996677873713084,81.3919982910156,70.70722198486328
932,True,-0.0770454107784889,-0.024622400049305836,0.9967235033316841,81.3722229003906,70.71951293945312
933,True,-0.07672548193170291,-0.02478265992430487,0.9967442100104841,81.3602294921875,70.70929718017578
934,True,-0.07685233300303461,-0.024794927737686684,0.9967341322892848,81.364990234375,70.70851516723633
935,True,-0.07634610292429887,-0.024765844037459402,0.9967737584514275,81.34599304199219,70.71036911010742
936,True,-0.07652974079535066,-0.024856625805899427,0.99675741628911,81.35289001464844,70.70458221435547
937,True,-0.07605809616230273,-0.025025980830739605,0.9967892787804379,81.335205078125,70.69378662109375
938,True,-0.07655234761886673,-0.02515553993224221,0.9967481812798845,81.353759765625,70.68552780151367
939,True,-0.07658264523164862,-0.02504878086944142,0.996748542525284,81.3548889160156,70.69233322143555
940,True,-0.07667168807944992,-0.02526660735226054,0.9967361992021532,81.3582458496094,70.67844772338867
941,True,-0.076877937716594,-0.025433626791232296,0.9967160645443054,81.3659973144531,70.66780090332031
942,True,-0.07695166214407391,-0.025370792617415577,0.9967119767391321,81.36875915527344,70.67180633544922
943,True,-0.07681484547492198,-0.025465821786138394,0.9967201068682323,81.36363220214844,70.6657485961914
944,True,-0.07694316604324836,-0.025556123220024915,0.9967078979145314,81.36845397949219,70.65999221801758
945,True,-0.07680700247638385,-0.025731878294962606,0.9967138781064534,81.36335754394531,70.64878845214844
946,True,-0.07687216021061143,-0.025683466438240626,0.9967101035588382,81.36579895019531,70.65187454223633
947,True,-0.07684236174793765,-0.025534819520791303,0.9967162206129886,81.36466979980469,70.66135025024414
948,True,-0.076774423129094,-0.02596095113047509,0.996710447908316,81.3621520996094,70.63418579101562
949,True,-0.07684553150112289,-0.02578316248279491,0.9967095829882924,81.36480712890625,70.6455192565918
950,True,-0.07688899227299838,-0.025807996691731925,0.9967055885134799,81.36643981933594,70.64393615722656
951,True,-0.07712580447362917,-0.025935159559872627,0.9966839909333848,81.3753356933594,70.63582992553711
952,True,-0.07745595806525848,-0.025743487556952764,0.996663357111416,81.38771057128906,70.6480484008789
953,True,-0.07751707107132583,-0.025886388909355514,0.9966549044487548,81.3900146484375,70.6389389038086
954,True,-0.07794793560329083,-0.025753780301793046,0.9966247348602945,81.40617370605469,70.64739227294922
955,True,-0.07753553104268396,-0.0256015431467633,0.9966608261662708,81.39068603515625,70.65709686279297
956,True,-0.07793158893418821,-0.025181152489886106,0.9966406458726605,81.405517578125,70.68389511108398
957,True,-0.07789442867701839,-0.025261939654455133,0.996641506453537,81.40412902832031,70.67874526977539
958,True,-0.07796824956929402,-0.025147580886433134,0.99663862620042,81.4068908691406,70.68603515625
959,True,-0.07784311664792745,-0.025302153648239404,0.9966444954000889,81.40220642089844,70.67618179321289
960,True,-0.07816963195187092,-0.025296348952258803,0.9966190863967008,81.4144592285156,70.67655181884766
961,True,-0.07851833936151201,-0.025167149364623186,0.9965949452895941,81.42753601074219,70.68478775024414
962,True,-0.07863685684314745,-0.025065776165405253,0.996588155463959,81.4319763183594,70.69124984741211
963,True,-0.07916211760342333,-0.025085404526376243,0.9965460760126899,81.4516906738281,70.68999862670898
964,True,-0.0789287773794006,-0.02547605476226053,0.9965546742327503,81.4429626464844,70.66509628295898
965,True,-0.07898427449083396,-0.025374921723346017,0.9965528574695327,81.4450378417969,70.67154312133789
966,True,-0.07908703101473771,-0.025427642588527304,0.996543364092935,81.44889831542969,70.66818237304688
967,True,-0.07935183215979469,-0.02556545854524591,0.9965187876112799,81.45884704589844,70.65939712524414
968,True,-0.07935150412008408,-0.02532537242362895,0.9965249441461487,81.45881652832031,70.67470169067383
969,True,-0.07916212866091818,-0.025079839168912148,0.9965462152118856,81.4516906738281,70.69035339355469
970,True,-0.07931533759657204,-0.024908689087582987,0.9965383256201841,81.4574279785156,70.70126342773438
971,True,-0.07928764795157195,-0.02493047186585854,0.9965399843733583,81.4563903808594,70.69987487792969
972,True,-0.07966127950025914,-0.025133458064382327,0.9965050877111002,81.4704284667969,70.68693542480469
973,True,-0.07912439857673163,-0.025243268857727083,0.9965450852456437,81.4502868652344,70.67993545532227
974,True,-0.07954324637890904,-0.02519940441924303,0.9965128508817233,81.46600341796875,70.68273162841797
975,True,-0.07976964378787946,-0.025225495687276462,0.9964940934583035,81.47450256347656,70.68106842041016
976,True,-0.07962755121599084,-0.025327885795403408,0.9965028606524318,81.46917724609375,70.67454147338867
977,True,-0.07970625589091779,-0.025410049027298116,0.9964944767434899,81.4721374511719,70.66930389404297
978,True,-0.07992603234550184,-0.025290723782144288,0.9964799088010159,81.4803771972656,70.67691040039062
979,True,-0.07979657763424089,-0.025376417776112523,0.9964881051064859,81.47552490234375,70.67144775390625
980,True,-0.07969547537107634,-0.02511077775915325,0.9965029252569751,81.4717102050781,70.68838119506836
981,True,-0.07948760944018878,-0.02496482160754707,0.9965231947263382,81.4638977050781,70.69768524169922
982,True,-0.07991093257371053,-0.024914374154482628,0.9964906004652981,81.47978210449219,70.70090103149414
983,True,-0.07936402884118636,-0.024957520793834554,0.9965332272844296,81.4592590332031,70.69815063476562
984,True,-0.07944517837796441,-0.025039624949952856,0.9965247015577983,81.4623107910156,70.69291687011719
985,True,-0.08000927369388779,-0.025138724202004862,0.9964770748333713,81.4834899902344,70.68659973144531
986,True,-0.07997352395097564,-0.025125798226595476,0.9964802706177073,81.4821472167969,70.68742370605469
987,True,-0.07975537747668936,-0.02504130054321892,0.9964998810991674,81.47395324707031,70.69281005859375
988,True,-0.0796705582295682,-0.025169363534331104,0.9965034396782911,81.47077941894531,70.68464660644531
989,True,-0.07958673415660851,-0.02520622644969884,0.9965092061262917,81.46763610839844,70.68229675292969
990,True,-0.0796878690288128,-0.025254399526067655,0.9964999040813927,81.471435546875,70.67922592163086
991,True,-0.07958864260526319,-0.02506523758219358,0.9965126099719962,81.46769714355469,70.6912841796875
992,True,-0.079691000177689,-0.025112333664410517,0.9965032439428418,81.47154235839844,70.68828201293945
993,True,-0.07980215625971462,-0.025028554064105892,0.9964964562595093,81.4757080078125,70.69362258911133
994,True,-0.07981354634746757,-0.025025202876433426,0.9964956282093936,81.47613525390625,70.6938362121582
995,True,-0.0796145052273667,-0.024939927024173865,0.99651368811343,81.4686584472656,70.69927215576172
996,True,-0.07987833704164733,-0.025153385604210654,0.9964872093830943,81.47857666015625,70.68566513061523
997,True,-0.07995405514536151,-0.02490001187865684,0.9964875004104443,81.48139953613281,70.70181655883789
998,True,-0.07987623721160031,-0.024983971276531087,0.99649163965794,81.4784851074219,70.69646453857422
999,True,-0.07978279967674981,-0.02494944202301108,0.9964999900745006,81.4749755859375,70.69866561889648
1000,True,-0.07978279967674981,-0.02494944202301108,0.9964999900745006,81.4749755859375,70.69866561889648
1001,True,-0.08106588740919414,-0.02570273544158725,0.9963772836076601,81.523193359375,70.6506462097168
1002,True,-0.08122600118091187,-0.025725056355885578,0.9963636676473331,81.5292053222656,70.64922332763672
1003,True,-0.08120082556196011,-0.02571207073170055,0.9963660548948585,81.52825927734375,70.65005111694336
1004,True,-0.08096190396920952,-0.02566365885032013,0.9963867455562097,81.519287109375,70.65313720703125
1005,True,-0.08120575463325537,-0.025687595511189893,0.9963662844814135,81.5284423828125,70.651611328125
1006,True,-0.08137429934555929,-0.025564800285207218,0.9963556917047228,81.5347595214844,70.65943908691406
1007,True,-0.08128260926900728,-0.025674669716148537,0.9963603508597624,81.53132629394531,70.65243530273438
1008,True,-0.08113003357900407,-0.025741452944277526,0.9963710630341425,81.5256042480469,70.64817810058594
1009,True,-0.08117136960122698,-0.02580201254645609,0.9963661299470258,81.52716064453125,70.64431762695312
1010,True,-0.08123343971943808,-0.025666830458731325,0.9963645628411074,81.52947998046875,70.65293502807617
1011,True,-0.08132489416121713,-0.02586394840528445,0.9963520049473257,81.5329284667969,70.6403694152832
1012,True,-0.08128374645977762,-0.02571404550432183,0.9963592426556117,81.5313720703125,70.6499252319336
1013,True,-0.08124463459642392,-0.02575629364604865,0.9963613414253446,81.5299072265625,70.64723205566406
1014,True,-0.08086709638448632,-0.025511541027190558,0.9963983510608396,81.5157165527344,70.66283416748047
1015,True,-0.08103519947970972,-0.02540705692426505,0.996387363380192,81.52201843261719,70.66949462890625
1016,True,-0.08092910088901042,-0.025407176608390737,0.9963959835357057,81.5180358886719,70.66948699951172
1017,True,-0.0812944953710414,-0.02562781367315662,0.9963605874324324,81.5317687988281,70.65542221069336
1018,True,-0.08080843276812538,-0.025572579721319384,0.9964015457434598,81.5135192871094,70.65894317626952
1019,True,-0.08056411007667974,-0.02537809335514354,0.9964263026161093,81.50433349609375,70.67134094238281
1020,True,-0.080598979274395,-0.02542279538366832,0.9964223431932897,81.5056457519531,70.66849136352539
1021,True,-0.08080861312403843,-0.025485210580738694,0.9964037696067919,81.5135192871094,70.66451263427734
1022,True,-0.08053501571985601,-0.025292279680341187,0.9964308364515693,81.50323486328125,70.67681121826172
1023,True,-0.08068625492644634,-0.02528563719145767,0.9964187698040249,81.5089111328125,70.6772346496582
1024,True,-0.08070091534586873,-0.02527301047527695,0.9964179028920824,81.50946044921875,70.67803955078125
1025,True,-0.08071015006321744,-0.02532938184995505,0.9964157235270186,81.50981140136719,70.67444610595702
1026,True,-0.08076196048436687,-0.024838074505322997,0.9964238936284043,81.51171875,70.70576477050781
1027,True,-0.08066183237895627,-0.02469660559685211,0.9964355204774982,81.50794982910156,70.71478271484375
1028,True,-0.0807031249299016,-0.024579193208296143,0.9964350801170029,81.5094909667969,70.7222671508789
1029,True,-0.08092984404601417,-0.024639215995773685,0.9964152093268155,81.51800537109375,70.71844100952148
1030,True,-0.08071568823080885,-0.024802587638782857,0.9964285269500505,81.5099792480469,70.70802688598633
1031,True,-0.08091242364133558,-0.02481240188493419,0.9964123265060432,81.5173645019531,70.70740127563477
1032,True,-0.08058144777904547,-0.025048361971210034,0.9964332440441719,81.50495910644531,70.6923599243164
1033,True,-0.08104667791221362,-0.024760218792608642,0.9964027135474572,81.52239990234375,70.71072769165039
1034,True,-0.08098447577861603,-0.02496482160754707,0.9964026657757223,81.52008056640625,70.69768524169922
1035,True,-0.08088868622511028,-0.024891693724890623,0.9964122761308604,81.5164794921875,70.70234680175781
1036,True,-0.08112788532390013,-0.024807255390299328,0.996394934904264,81.52545166015625,70.70772933959961
1037,True,-0.08112124710906467,-0.024671591161330324,0.9963988437654061,81.52519226074219,70.71637725830078
1038,True,-0.08063932754494867,-0.024769733833972095,0.9964355268349742,81.5071105957031,70.71012115478516
1039,True,-0.08081590353525536,-0.024697024498750785,0.9964230259867987,81.51373291015625,70.71475601196289
1040,True,-0.08080035445765596,-0.024747711596461157,0.9964230293857401,81.5131530761719,70.7115249633789
1041,True,-0.08083493262385201,-0.024531677598833432,0.9964255669451102,81.5144348144531,70.72529602050781
1042,True,-0.08071370342677275,-0.024778710286031562,0.9964292817835574,81.50990295410156,70.70954895019531
1043,True,-0.08052219570155815,-0.024795825382421696,0.9964443501987476,81.5027160644531,70.70845794677734
1044,True,-0.08048013558686867,-0.02488959922546923,0.9964454102590442,81.50114440917969,70.70248031616211
1045,True,-0.08043225705196456,-0.024843639896394317,0.9964504230428252,81.49934387207031,70.70541000366211
1046,True,-0.08032108802774783,-0.02493639630076011,0.996457073314034,81.49517822265625,70.69949722290039
1047,True,-0.08039299661213183,-0.024960153874343367,0.9964506795693859,81.49787902832031,70.69798278808594
1048,True,-0.08035531594326553,-0.02489690005155042,0.9964553013394434,81.4964599609375,70.7020149230957
1049,True,-0.08045199444443357,-0.024934780545873808,0.9964465531623068,81.5000915527344,70.69960021972656
1050,True,-0.08046209250379517,-0.025168645425250175,0.996439858173773,81.50048828125,70.6846923828125
1051,True,-0.08025097950651315,-0.025028374536201995,0.996460416050894,81.4925537109375,70.69363403320312
1052,True,-0.08033787032126459,-0.025081694288153215,0.9964520737114652,81.4958190917969,70.69023513793945
1053,True,-0.0802597311114975,-0.024921495447672744,0.996462389970922,81.49287414550781,70.70044708251952
1054,True,-0.0802621409613235,-0.024732331928902746,0.9964669088763878,81.4929504394531,70.71250534057617
1055,True,-0.08044322209349561,-0.024645200316678394,0.9964544656533821,81.49974060058594,70.71805953979492
1056,True,-0.08033515681376086,-0.024401996806158625,0.99646916918266,81.49566650390625,70.73356246948242
1057,True,-0.08033782523626204,-0.0244922407977551,0.9964667400254826,81.49577331542969,70.72780990600586
1058,True,-0.08045154725690962,-0.02434035789119522,0.996461286514282,81.5000305175781,70.73749160766602
1059,True,-0.08047988832287699,-0.024399662907183244,0.9964575475280185,81.5010986328125,70.73371124267578
1060,True,-0.08052382002109966,-0.024386377633560018,0.9964543235869485,81.50274658203125,70.73455810546875
1061,True,-0.08059846748963398,-0.024464712810829427,0.9964463682835148,81.50555419921875,70.72956466674805
1062,True,-0.08091021491710582,-0.023870343177799253,0.9964355191574825,81.5172119140625,70.76745223999023
1063,True,-0.08083483892242223,-0.023957536275906327,0.9964395442132827,81.51438903808594,70.76189422607422
1064,True,-0.080978360862407,-0.023737368865469562,0.9964331600219768,81.51976013183594,70.77592849731445
1065,True,-0.08097677068195384,-0.023929289801454274,0.9964286987534634,81.51971435546875,70.7636947631836
1066,True,-0.0810866649447729,-0.023860289329129467,0.996421416550881,81.5238342285156,70.76809310913086
1067,True,-0.08102986786334151,-0.023800385097481714,0.9964274696049186,81.5216979980469,70.77191162109375
1068,True,-0.08119971398535779,-0.02384107929014007,0.9964126702260351,81.528076171875,70.76931762695312
1069,True,-0.08111170111808891,-0.023946884006006388,0.9964173014797227,81.5247802734375,70.7625732421875
1070,True,-0.08092147078594454,-0.023935872667971085,0.9964330331564998,81.51763916015625,70.76327514648438
1071,True,-0.08078313849492068,-0.023994400290063472,0.9964428499867068,81.512451171875,70.7595443725586
1072,True,-0.08090840271871465,-0.023966453061540206,0.9964333592855847,81.51715087890625,70.76132583618164
1073,True,-0.08103246672843774,-0.024548493582831156,0.99640910814721,81.5218505859375,70.72422409057617
1074,True,-0.0810291917780834,-0.024354959739617314,0.9964141237537093,81.52171325683594,70.7365608215332
1075,True,-0.0810018881346227,-0.02438889106403535,0.9964155137849334,81.52069091796875,70.7343978881836
1076,True,-0.08102745036234404,-0.0244133072377704,0.9964128374913143,81.52165222167969,70.73284149169922
1077,True,-0.08124525667756512,-0.02445567644585871,0.9963940626865316,81.52983093261719,70.73014068603516
1078,True,-0.08245115817772752,-0.024327252129377912,0.996298143789792,81.57508850097656,70.73832702636719
1079,True,-0.08317406785449341,-0.024010977116967216,0.9962457264221637,81.6022033691406,70.75848770141602
1080,True,-0.08931331939152466,-0.02572140601957162,0.9956714017443926,81.8328857421875,70.64945602416992
1081,True,-0.09535578047624203,-0.026173985250719033,0.995099089350333,82.0599670410156,70.62060546875
1082,True,-0.09827186821734679,-0.027124844826154283,0.9947898686206196,82.169677734375,70.55998992919922
1083,True,-0.09824016817244204,-0.027141121128776834,0.9947925557126589,82.1684875488281,70.55895233154297
1084,True,-0.0981994597851369,-0.02718713754835147,0.9947953184700028,82.1669616699219,70.5560188293457
1085,True,-0.09717809572617422,-0.026319996714581507,0.9949189291012505,82.12847900390625,70.61129760742188
1086,True,-0.0969695647622488,-0.02659454461621531,0.9949319744115556,82.12066650390625,70.59379577636719
1087,True,-0.09717511160319703,-0.026533507548343663,0.9949135493408904,82.1283874511719,70.59768676757812
1088,True,-0.09717616877798899,-0.02643824165265347,0.9949159821813839,82.12841796875,70.603759765625
1089,True,-0.09743792639529827,-0.026613633639648603,0.9948857044928724,82.1382751464844,70.59257888793945
1090,True,-0.0974051636799845,-0.026412211042617515,0.9948942804119016,82.13702392578125,70.60541915893555
1091,True,-0.09743178059752848,-0.026478992985461285,0.9948898989637351,82.1380310058594,70.60116195678711
1092,True,-0.09781085729815268,-0.026487310799821497,0.9948524808036587,82.15228271484375,70.60063171386719
1093,True,-0.09737431645458197,-0.026880819105805528,0.9948847491338904,82.13591003417969,70.57554626464844
1094,True,-0.0977465521572808,-0.026555169734747412,0.9948569919851409,82.1498718261719,70.59630584716797
1095,True,-0.09825678410286567,-0.02669016915645076,0.994803115821499,82.1690673828125,70.58769989013672
1096,True,-0.09829567113176212,-0.02640820172867506,0.994806799292312,82.1705017089844,70.60567474365234
1097,True,-0.09805190264934299,-0.02665983023298603,0.9948241441776492,82.16136169433594,70.58963394165039
1098,True,-0.0983792550446252,-0.02657264309149032,0.9947941580125995,82.17366027832031,70.5951919555664
1099,True,-0.0982690885908856,-0.026795547356248048,0.9947990675857089,82.16954040527344,70.58098220825195
1100,True,-0.09844132220081672,-0.026583534015216344,0.9947877270064286,82.1759948730469,70.59449768066406
1101,True,-0.09838973413525269,-0.026755095566829864,0.9947882312723668,82.174072265625,70.58356094360352
1102,True,-0.09864318440425415,-0.02652423229897384,0.9947693135956388,82.18357849121094,70.5982780456543
1103,True,-0.09843084825241985,-0.026708360530724364,0.9947854198720797,82.17561340332031,70.58654022216797
1104,True,-0.09855454035373468,-0.026433693777249457,0.9947805096647977,82.18023681640625,70.60404968261719
1105,True,-0.09846340166915304,-0.02652106076156861,0.9947872093406811,82.17681884765625,70.59848022460938
1106,True,-0.09863264469391948,-0.026364039406706116,0.9947746171001977,82.18316650390625,70.60848999023438
1107,True,-0.09856321516640203,-0.026218865883212435,0.9947853354809065,82.1805419921875,70.61774444580078
1108,True,-0.0986471283975455,-0.02609954312534053,0.9947801555658249,82.1836853027344,70.62535095214844
1109,True,-0.09868006746761965,-0.026387556747172754,0.9947692904053185,82.18495178222656,70.60699081420898
1110,True,-0.09859526883427729,-0.02637858066474777,0.9947779367505142,82.1817626953125,70.60756301879883
1111,True,-0.09879272997736731,-0.02629384634195414,0.9947605893621664,82.1891784667969,70.61296463012695
1112,True,-0.09873319099029104,-0.026247649301042134,0.9947677205775448,82.18693542480469,70.61590957641602
1113,True,-0.09885113018437945,-0.025995778699546807,0.9947626217098605,82.19134521484375,70.63196563720702
1114,True,-0.0989548436059207,-0.026066271517655663,0.9947504654012964,82.19525146484375,70.62747192382812
1115,True,-0.0988810045208275,-0.026057115836372487,0.9947580477981778,82.1924743652344,70.62805557250977
1116,True,-0.09871063853064771,-0.026022707210706302,0.9947758685001851,82.1860656738281,70.6302490234375
1117,True,-0.09800800860446375,-0.02589578399652004,0.9948486511126168,82.1596374511719,70.63833999633789
1118,True,-0.09811564322123742,-0.02602456228522452,0.9948346810968872,82.1636962890625,70.63013076782227
1119,True,-0.09809027459593057,-0.02610450992760562,0.9948350881382977,82.1627502441406,70.62503433227539
1120,True,-0.09814794031470885,-0.026092003159224785,0.994829728739104,82.1649169921875,70.6258316040039
1121,True,-0.09791239417166764,-0.026146278913916472,0.9948515141298865,82.15606689453125,70.62237167358398
1122,True,-0.09805735441105104,-0.02596304557280505,0.9948420354561271,82.1614990234375,70.63405227661133
1123,True,-0.09794561322638226,-0.026012115331902105,0.9948517611713154,82.15730285644531,70.63092422485352
1124,True,-0.0981362278638755,-0.02606944309301514,0.9948314756366876,82.16447448730469,70.62726974487305
1125,True,-0.09818158589301508,-0.026265960570084,0.9948218310365246,82.16619873046875,70.61474227905273
1126,True,-0.09799785245866735,-0.026217070658926787,0.9948412366400752,82.15928649902344,70.61785888671875
1127,True,-0.09796360980422339,-0.026432137925011954,0.9948389182369369,82.15802001953125,70.6041488647461
1128,True,-0.09826278550177005,-0.026412390564127395,0.9948099369277135,82.16926574707031,70.60540771484375
1129,True,-0.09823840610458781,-0.026423042172188407,0.9948120618530902,82.16835021972656,70.60472869873047
1130,True,-0.09806365659908221,-0.026510469021507454,0.9948269770601705,82.16178894042969,70.59915542602539
1131,True,-0.09819062954321935,-0.026534704354547585,0.9948138065661952,82.16656494140625,70.59761047363281
1132,True,-0.0981411379505852,-0.026525548786120245,0.994818934431467,82.1647033691406,70.59819412231445
1133,True,-0.09811434253687192,-0.026528720323147653,0.9948214929255266,82.1636962890625,70.59799194335938
1134,True,-0.09819083798482554,-0.026454637935750872,0.9948159183826555,82.16656494140625,70.60271453857422
1135,True,-0.09818956594159606,-0.026319099104835493,0.9948196390112687,82.16650390625,70.61135482788086
1136,True,-0.0981285973812527,-0.026353327941452794,0.9948247486278166,82.1642150878906,70.60917282104492
1137,True,-0.09793914130731858,-0.026476898571484515,0.9948401371285842,82.1571044921875,70.6012954711914
1138,True,-0.09810469082539872,-0.026494491645276237,0.994823356958667,82.163330078125,70.60017395019531
1139,True,-0.09771436910948604,-0.02644422569840399,0.9948631086721161,82.1486511230469,70.60337829589844
1140,True,-0.09759826367544554,-0.026452782882180764,0.9948742780901145,82.144287109375,70.60283279418945
1141,True,-0.09741643764609562,-0.026447576763610377,0.9948922370587064,82.137451171875,70.60316467285156
1142,True,-0.0974602385822067,-0.026461399904444783,0.9948875796845573,82.13909912109375,70.6022834777832
1143,True,-0.09735677640841427,-0.02644542250744038,0.9948981343412826,82.13520812988281,70.60330200195312
1144,True,-0.09740562284466416,-0.026548826664881155,0.9948905992323784,82.1370544433594,70.59671020507812
1145,True,-0.09729298351768492,-0.026471333413781557,0.9949036857231578,82.1328125,70.60165023803711
1146,True,-0.09704451505813413,-0.026806258695509455,0.9949189849389151,82.1235046386719,70.5802993774414
1147,True,-0.0968288647314408,-0.026692802119063885,0.9949430462442826,82.1153869628906,70.58753204345702
1148,True,-0.09162321654758063,-0.02606142439254277,0.9954526550007825,81.91969299316406,70.62778091430664
1149,True,-0.08468001940863468,-0.025672994149810335,0.9960774024564241,81.65887451171875,70.65254211425781
1150,True,-0.07810791360632546,-0.024837894976565942,0.9966354563255312,81.412109375,70.70577621459961
1151,True,-0.07426992525743746,-0.02476542513627414,0.9969306153991231,81.2680969238281,70.71039581298828
1152,True,-0.07352970497476953,-0.024741727290714135,0.9969860728300046,81.2403259277344,70.71190643310547
1153,True,-0.07351809017337572,-0.024865482552833655,0.9969838505184897,81.2398986816406,70.70401763916016
1154,True,-0.07402535699693959,-0.02505261079592451,0.9969416297927295,81.2589416503906,70.69208908081055
1155,True,-0.07420064644252504,-0.025276002588480565,0.9969229597921088,81.2655334472656,70.67784881591797
1156,True,-0.07471304786561248,-0.02530813787000674,0.996883874198085,81.2847595214844,70.67580032348633
1157,True,-0.07446460479716756,-0.02549251129720898,0.996897765320077,81.27545166015625,70.66404724121094
1158,True,-0.07476563189990605,-0.025245303496259676,0.9968815250259128,81.28672790527344,70.67980575561523
1159,True,-0.07470450190271063,-0.025310830769506177,0.9968844462831313,81.28443908691406,70.67562866210938
1160,True,-0.07472296249668901,-0.025226812218694456,0.9968851923972997,81.2851257324219,70.68098449707031
1161,True,-0.07468445897995175,-0.025155719459572904,0.9968898742415548,81.28367614746094,70.68551635742188
1162,True,-0.07484382261311835,-0.024755730564771802,0.9968879355378218,81.28962707519531,70.71101379394531
1163,True,-0.07475851882635921,-0.024698700106302113,0.9968957508566019,81.28642272949219,70.71464920043945
1164,True,-0.07493155651583522,-0.024598103687301347,0.9968852467225618,81.29290771484375,70.72106170654297
1165,True,-0.07501945935802805,-0.024568780472430534,0.9968793586707103,81.29620361328125,70.72293090820312
1166,True,-0.07565524085477347,-0.024724971229906495,0.9968274476201417,81.320068359375,70.71297454833984
1167,True,-0.075390291241691,-0.02461126920546281,0.9968503345109482,81.31011962890625,70.72022247314452
1168,True,-0.07541871710446112,-0.024634249008752232,0.9968476166827567,81.3111877441406,70.71875762939452
1169,True,-0.07535334493981176,-0.024577338065894586,0.9968539651623884,81.30873107910156,70.72238540649414
1170,True,-0.07550485493645882,-0.024677635320611506,0.9968400228702734,81.3144226074219,70.71599197387695
1171,True,-0.07565624380449118,-0.024623477227580286,0.9968298837527988,81.3200988769531,70.71944427490234
1172,True,-0.07552580244540083,-0.02456674579959373,0.9968411749951926,81.31520080566406,70.72306060791016
1173,True,-0.07565466678462177,-0.024596787135250524,0.9968306623776834,81.3200378417969,70.72114562988281
1174,True,-0.07543663294782113,-0.024622759108733832,0.9968465449322523,81.3118591308594,70.71949005126952
1175,True,-0.07534717348042762,-0.02461563776281879,0.9968534866398572,81.3085021972656,70.71994400024414
1176,True,-0.07531799284079264,-0.024560881153788863,0.9968570424445943,81.3074035644531,70.72343444824219
1177,True,-0.07542450139158242,-0.024585476754511212,0.9968483831168031,81.3114013671875,70.72186660766602
1178,True,-0.07520992325612492,-0.024500080286287407,0.9968666979640625,81.3033447265625,70.72731018066406
1179,True,-0.07515079184719752,-0.02436561190445089,0.9968744531992286,81.3011169433594,70.73588180541992
1180,True,-0.07510910929339698,-0.024473868860714627,0.996874942730602,81.299560546875,70.7289810180664
1181,True,-0.07495096878038336,-0.024436586370246018,0.9968877597430171,81.29362487792969,70.73135757446289
1182,True,-0.07484481631079903,-0.024437065118332726,0.996895723393277,81.2896423339844,70.73132705688477
1183,True,-0.07484005474697644,-0.024371955327138775,0.9968976747886423,81.2894592285156,70.73547744750977
1184,True,-0.07492515240619424,-0.024320011044571384,0.9968925511807681,81.29264831542969,70.73878860473633
1185,True,-0.07466034332807296,-0.024340537422149974,0.9969119175594878,81.28271484375,70.73748016357422
1186,True,-0.0742744915820026,-0.02449277938861848,0.9969370108778466,81.26824951171875,70.72777557373047
1187,True,-0.07383609667485953,-0.0246799692036569,0.9969649592377494,81.25181579589844,70.7158432006836
1188,True,-0.07390901438008148,-0.024618929141338154,0.9969610653988944,81.2545471191406,70.71973419189452
1189,True,-0.07423698859047904,-0.02476093690901623,0.9969331800719669,81.26686096191406,70.7106819152832
1190,True,-0.07411175345855625,-0.0247404107433308,0.9969430074360066,81.26216125488281,70.71199035644531
1191,True,-0.0744921801303999,-0.02488588896908314,0.9969110329561202,81.27644348144531,70.70271682739258
1192,True,-0.07462043543731375,-0.024810726282102003,0.9969033145077312,81.28125,70.7075080871582
1193,True,-0.07580490440411382,-0.02472263734945704,0.9968161353382933,81.32568359375,70.7131233215332
1194,True,-0.08201306567675884,-0.026431300158396006,0.996280705137983,81.5588073730469,70.60420227050781
1195,True,-0.09129474921086195,-0.029542572512364158,0.9953856062732058,81.9076843261719,70.40585708618164
1196,True,-0.09553462244513398,-0.030444876054910086,0.9949604240552822,82.06712341308594,70.34833145141602
1197,True,-0.09698106130375785,-0.03091073743647238,0.9948061117924086,82.1215515136719,70.31863021850586
1198,True,-0.0965520768505578,-0.030217327942768032,0.9948691419216114,82.1053466796875,70.36283874511719
1199,True,-0.09447306269103277,-0.029447135140140412,0.9950918081553152,82.02711486816406,70.41194152832031
1200,True,-0.09328903149199912,-0.029200372943023155,0.9952107790931896,81.98258972167969,70.42767333984375
1201,True,-0.09321705385321187,-0.029389513574724906,0.995211955998705,81.97990417480469,70.41561508178711
1202,True,-0.09388837070310593,-0.029029002609754925,0.9951594298674956,82.0050964355469,70.4385986328125
1203,True,-0.0940183608999526,-0.029299520820349333,0.9951392294012854,82.010009765625,70.42135238647461
1204,True,-0.09417134856980365,-0.02917823366741345,0.9951283272968339,82.0157470703125,70.42908477783202
1205,True,-0.09394767331658682,-0.029315496945034464,0.9951454347567825,82.0073547363281,70.42033386230469
1206,True,-0.09433340175528955,-0.02915507716652803,0.9951136572214698,82.02183532714844,70.43056106567383
1207,True,-0.0942922300097226,-0.02921575075576007,0.9951157798304531,82.0202941894531,70.42669296264648
1208,True,-0.09435951848786991,-0.029253806324858078,0.9951082835984459,82.0228271484375,70.42426681518555
1209,True,-0.09404003247010446,-0.02939082995633406,0.9951344891056181,82.0108337402344,70.41553115844727
1210,True,-0.09397466594217277,-0.02924405309342055,0.9951449881900256,82.00836181640625,70.42488861083984
1211,True,-0.09407150778502567,-0.029313462532569223,0.9951337961989852,82.01200866699219,70.42046356201172
1212,True,-0.09411710346108827,-0.029415242842390096,0.9951264815713721,82.01373291015625,70.41397476196289
1213,True,-0.09442309575414876,-0.029312325654962227,0.9951005308776096,82.02522277832031,70.42053604125977
1214,True,-0.09458650721195822,-0.029383350514695043,0.9950829168295336,82.0313720703125,70.41600799560547
1215,True,-0.0945604962747151,-0.02939364222596465,0.9950850849756375,82.0303955078125,70.41535186767578
1216,True,-0.09459840676141312,-0.029483694566534668,0.9950788175782407,82.0318298339844,70.40961074829102
1217,True,-0.09458373748396243,-0.029503141053869388,0.9950796356430577,82.0312805175781,70.40837097167969
1218,True,-0.09460057670005342,-0.029287434009434215,0.9950844070214147,82.0318908691406,70.42212295532227
1219,True,-0.09427582426086964,-0.029276005387253803,0.9951155633736712,82.0196838378906,70.4228515625
1220,True,-0.09420520550278719,-0.02926762838427193,0.9951224975775282,82.01702880859375,70.42338562011719
1221,True,-0.09438122285115152,-0.029332849281713688,0.9951038984579136,82.0236511230469,70.41922760009766
1222,True,-0.09418887771339138,-0.029299580656036283,0.9951231028814838,82.01641845703125,70.42134857177734
1223,True,-0.09415066604538123,-0.029317172343444064,0.9951262007851044,82.0149841308594,70.42022705078125
1224,True,-0.09414813268135101,-0.029352415526606807,0.9951254015526727,82.014892578125,70.4179801940918
1225,True,-0.0940130461975304,-0.02975115757963142,0.995126331561643,82.0098571777344,70.39255905151367
1226,True,-0.0938108549952687,-0.030042492383482614,0.9951366600303926,82.0022888183594,70.37398529052734
1227,True,-0.09368231573679163,-0.02984019177544801,0.9951548556244886,81.9974365234375,70.38688278198242
1228,True,-0.09377561994234117,-0.02986729689695516,0.9951452545636232,82.0009460449219,70.3851547241211
1229,True,-0.09386635898124474,-0.02993999595540568,0.9951345151756091,82.0043640136719,70.38051986694336
1230,True,-0.09378197791506464,-0.02991648096862496,0.9951431780325846,82.0011901855469,70.38201904296875
1231,True,-0.0939302154998365,-0.029898889593641426,0.9951297257228434,82.00675964355469,70.38314056396484
1232,True,-0.09390538787666221,-0.029920968562800836,0.9951314052767088,82.0058288574219,70.38173294067383
1233,True,-0.09388971701067093,-0.03000730975720797,0.9951302841340882,82.0052490234375,70.37622833251952
1234,True,-0.09395796504796786,-0.02999259048416219,0.995124286368338,82.0078125,70.37716674804688
1235,True,-0.09405166993948207,-0.029876331932577927,0.9951189316719128,82.0113220214844,70.38457870483398
1236,True,-0.09407108071799858,-0.02990355669402962,0.9951162791702258,82.0120544433594,70.38284301757812
1237,True,-0.09372780371735837,-0.03012326868045947,0.9951420438783225,81.9991760253906,70.36883544921875
1238,True,-0.0938465767578486,-0.030044526751891197,0.9951332304988554,82.0036315917969,70.37385559082031
1239,True,-0.09397597093997943,-0.029942090164620936,0.9951241068944426,82.00848388671875,70.38038635253906
1240,True,-0.09403521342678026,-0.03009706128119631,0.9951138354670865,82.01072692871094,70.3705062866211
1241,True,-0.09392117989758858,-0.030079709338791623,0.995125129344415,82.0064392089844,70.37161254882812
1242,True,-0.09393483112844206,-0.030133560164919367,0.9951222116165724,82.0069580078125,70.36817932128906
1243,True,-0.09390800936868715,-0.03014289429922511,0.9951244604066751,82.0059509277344,70.36758422851562
1244,True,-0.09406157906630568,-0.030105318409224886,0.9951110938719517,82.01171875,70.36997985839844
1245,True,-0.09398704826057507,-0.030188308415152333,0.9951156218220554,82.00892639160156,70.36468887329102
1246,True,-0.0938964303477515,-0.030217387776819284,0.9951232937902194,82.0055236816406,70.36283493041992
1247,True,-0.09381461551471074,-0.03029152208307659,0.9951287562952432,82.00245666503906,70.35810852050781
1248,True,-0.09366330648326383,-0.0302467662829022,0.9951443705051292,81.99676513671875,70.3609619140625
1249,True,-0.09338399923260365,-0.03038187117368838,0.9951665039536403,81.98628234863281,70.35234832763672
1250,True,-0.09337005470421945,-0.030431233982618197,0.9951663041335485,81.98576354980469,70.34920120239258
1251,True,-0.09219529391973813,-0.02959391112538527,0.9953010741496043,81.9415283203125,70.40258407592773
1252,True,-0.09228882132369863,-0.029545025757884032,0.9952938585722553,81.9450378417969,70.40570068359375
1253,True,-0.0924176258080761,-0.029514090917208823,0.99528282456663,81.94987487792969,70.40767288208008
1254,True,-0.09215863172551879,-0.029636573573089547,0.9953032000879566,81.9401550292969,70.39986419677734
1255,True,-0.09227174216799422,-0.029554060880093148,0.9952951738468236,81.94439697265625,70.40512466430664
1256,True,-0.09211862916558415,-0.02941476415851838,0.9953134831851483,81.9386291503906,70.41400527954102
1257,True,-0.09210323526065826,-0.029401241336355823,0.9953153073586286,81.93804931640625,70.41486740112305
1258,True,-0.0919747399881436,-0.029466581648448783,0.9953252572752631,81.9332275390625,70.41070175170898
1259,True,-0.09195024670073895,-0.029514090917208823,0.9953261126731298,81.93231201171875,70.40767288208008
1260,True,-0.09215812554565397,-0.029524442424103556,0.9953065794997323,81.94012451171875,70.40701293945312
1261,True,-0.09198227871739019,-0.02953162265824004,0.9953226329513098,81.93351745605469,70.40655517578125
1262,True,-0.09201034296242969,-0.029514928611526128,0.9953205341883551,81.9345703125,70.40761947631836
1263,True,-0.09192163925911151,-0.0295811662322293,0.9953267638520824,81.9312438964844,70.40339660644531
1264,True,-0.09185941703064528,-0.029764081913041356,0.9953270552590558,81.9289245605469,70.3917350769043
1265,True,-0.09180739632328337,-0.030075221766004523,0.9953225020143296,81.927001953125,70.37189865112305
1266,True,-0.09055507214958418,-0.029294195443790815,0.9954605110305906,81.87986755371094,70.42169189453125
1267,True,-0.08889557896669505,-0.02847766784870919,0.9956337672427922,81.81744384765625,70.47374725341797
1268,True,-0.08148692014365484,-0.026698606604170505,0.9963167499600203,81.53907775878906,70.58716201782227
1269,True,-0.07494436650282776,-0.024708813593263438,0.996881545852015,81.29339599609375,70.71400451660156
1270,True,-0.07361882893240136,-0.023337485896772994,0.9970133548647379,81.24357604980469,70.80141830444336
1271,True,-0.07133331784336122,-0.024139342574380013,0.9971603932695757,81.15789794921875,70.75030517578125
1272,True,-0.07265940373472674,-0.0259729193708253,0.9970185647761381,81.207763671875,70.6334228515625
1273,True,-0.07180687425303667,-0.02998337597658732,0.9969677878322123,81.17608642578125,70.37775421142578
1274,True,-0.06982796991268082,-0.033103413091234456,0.9970096381979388,81.10211181640625,70.17882919311523
1275,True,-0.0678519208577928,-0.03268425116954385,0.9971598951830113,81.0279541015625,70.2055549621582
1276,True,-0.07704460905377798,-0.026474564795773495,0.9966760886238943,81.37232971191406,70.60144424438477
1277,True,-0.05415184545096204,0.008099387276857307,0.9984998635753509,80.5133056640625,72.80488967895508
1278,False,-0.033175039439256156,0.030855134229472624,0.998973161526317,79.728515625,74.25531768798828
1279,False,-0.08119235872758315,0.055556799242545,0.9951488546655596,81.5316467285156,75.8309555053711
1280,False,-0.04487330932921331,0.07367575797624783,0.9962721860999986,80.17036437988281,76.98802947998047
1281,False,-0.06603105758523245,0.07757458444010554,0.9947975086836117,80.9658203125,77.23719787597656
1282,False,-0.06626632817733867,0.0780678980499669,0.9947432719269598,80.9747619628906,77.26873016357422
1283,False,-0.0619294678818585,0.07846403903763532,0.994991525383895,80.8117980957031,77.29405212402342
1284,False,-0.04073028701031987,0.07273415740675186,0.9965193355205842,80.0147399902344,76.92786407470703
1285,False,-0.05699228817209681,0.06275744782149292,0.9964002116779388,80.62385559082031,76.2906265258789
1286,False,-0.07853766761805477,0.056835688936691865,0.9952896760381912,81.4320983886719,75.91258239746092
1287,False,-0.0848109288418082,0.04468976511236387,0.9953943596601256,81.6659240722656,75.1375732421875
1288,False,-0.05183941662950263,0.0337077169738701,0.9980864014201989,80.427734375,74.43719482421875
1289,True,0.014472954471754965,0.02352956967358731,0.9996183736505818,77.94544982910156,73.7883186340332
1290,True,-0.03465887463699544,0.015048276090049592,0.9992859009290658,79.7835998535156,73.24774169921875
1291,True,-0.051773906162092126,-0.005794678799225774,0.9986420201144817,80.42420959472656,71.91947555541992
1292,True,-0.07062219077938636,-0.0190657832104934,0.9973209122845517,81.13093566894531,71.07369613647461
1293,True,-0.07151997851683914,-0.02685239521098891,0.997077650709504,81.16508483886719,70.57735824584961
1294,True,-0.07582714899275537,-0.03213082419509399,0.996603157536727,81.3271179199219,70.24084091186523
1295,True,-0.07497597352359024,-0.03351138140053073,0.9966220902181618,81.29530334472656,70.15281677246094
1296,True,-0.07282757280960264,-0.03390528479155907,0.9967680654504664,81.2147216796875,70.12770080566406
1297,True,-0.07436587897408882,-0.03406741543233289,0.9966489488531918,81.2724609375,70.11736297607422
1298,True,-0.07832127712112026,-0.035386622598525076,0.9962999370125375,81.4210510253906,70.03324508666992
1299,True,-0.07784587275370926,-0.03677013547741627,0.9962870957872463,81.4033508300781,69.94502258300781
1300,True,-0.07935088105907522,-0.035365863699143976,0.9962191994535952,81.45970153808594,70.0345687866211
1301,True,-0.07915478857335147,-0.036851850711452444,0.9961809376539228,81.45249938964844,69.93981170654297
1302,True,-0.07850886485379695,-0.03716698445536553,0.9962203438024455,81.42828369140625,69.91971588134766
1303,True,-0.07812476860241155,-0.038271299049967074,0.9962087272252977,81.41398620605469,69.84929275512695
1304,True,-0.07725027374225876,-0.036952947548659125,0.9963266908370026,81.3810119628906,69.93336486816406
1305,True,-0.07712303318126996,-0.03550411648451247,0.996389228898815,81.37608337402344,70.02575302124023
1306,True,-0.07504794395948061,-0.03539523723816639,0.9965515457257134,81.2981872558594,70.03269577026367
1307,True,-0.07513456183693064,-0.035235327561802324,0.9965506857702647,81.3014221191406,70.04289245605469
1308,True,-0.07539143940827178,-0.03337958054347696,0.9965951708024128,81.3108825683594,70.16122055053711
1309,True,-0.07445703500392165,-0.03256345536331939,0.9966924155993291,81.27574157714844,70.2132568359375
1310,True,-0.0751931517657826,-0.03200500044401104,0.9966552412314436,81.3033142089844,70.24886322021484
1311,True,-0.07436067877103553,-0.03221979198958448,0.9967107777368813,81.2720947265625,70.23516845703125
1312,True,-0.07438318643916528,-0.031124698755228636,0.9967438962454462,81.27284240722656,70.30498886108398
1313,True,-0.07371590624824932,-0.030203745610331616,0.9968217989776837,81.24772644042969,70.36370468139648
1314,True,-0.07378488082002821,-0.030093531059165988,0.9968200292684558,81.25030517578125,70.37073135375977
1315,True,-0.07292779868037637,-0.0296145542519788,0.9968974442519607,81.2181091308594,70.4012680053711
1316,True,-0.07253281921797378,-0.028679437998160365,0.9969535997088342,81.2032165527344,70.46088409423828
1317,True,-0.07213223813715158,-0.0278526637211679,0.9970061029627456,81.18812561035156,70.51359176635742
1318,True,-0.07228673153538256,-0.027277674236795238,0.9970108108401647,81.1938781738281,70.55024719238281
1319,True,-0.07197577077340961,-0.026959927178575975,0.9970419503451695,81.18218994140625,70.57050323486328
1320,True,-0.07189562587055928,-0.026113186869775398,0.9970702685629458,81.17912292480469,70.62448120117188
1321,True,-0.07175462147548273,-0.02603288019889782,0.9970825258951538,81.173828125,70.62960052490234
1322,True,-0.07153502528196094,-0.025774904356778896,0.9971050067386625,81.16557312011719,70.64604568481445
1323,True,-0.0709984693824405,-0.02554014544668726,0.9971493961869068,81.14543151855469,70.6610107421875
1324,True,-0.07131512288580952,-0.025230522443364323,0.9971346819687985,81.15728759765625,70.68074798583984
1325,True,-0.07120004211400448,-0.024747113165926364,0.9971550202415455,81.15293884277344,70.71156311035156
1326,True,-0.07193723112244844,-0.02448739347966474,0.997108520843648,81.1805725097656,70.72811889648438
1327,True,-0.0715596903019158,-0.02450205511903891,0.9971353268332427,81.1664123535156,70.7271842956543
1328,True,-0.07237504625327766,-0.02396334116341474,0.99708957017919,81.19696044921875,70.76152420043945
1329,True,-0.07293919493655296,-0.023764179201742175,0.9970532270791138,81.2181091308594,70.77421951293945
1330,True,-0.07316453314102458,-0.023772437739383825,0.9970365200403559,81.2265625,70.7736930847168
1331,True,-0.072852706441715,-0.024141197736586403,0.9970504930724222,81.21488952636719,70.75018692016602
1332,True,-0.07254738756696856,-0.023807925494982368,0.9970807686646219,81.20341491699219,70.77143096923828
1333,True,-0.07233799601972221,-0.023746345542462893,0.997097450305249,81.195556640625,70.77535629272461
1334,True,-0.07237832436322379,-0.02394963684006133,0.9970896614936899,81.19708251953125,70.76239776611328
1335,True,-0.07223475506437914,-0.023696554883284777,0.9971061194514116,81.1916809082031,70.77853012084961
1336,True,-0.07416400077835955,-0.024415581292426193,0.9969471301822883,81.26409912109375,70.73269653320312
1337,True,-0.08037406280413369,-0.02829582240475139,0.9963630645817798,81.4974365234375,70.4853401184082
1338,True,-0.08623307801847531,-0.03247981341184686,0.9957454082124562,81.71783447265625,70.21858978271484
1339,True,-0.0911827455974262,-0.03373358088927004,0.995262654993998,81.9039306640625,70.1386489868164
1340,True,-0.0926837447958533,-0.033879020740199134,0.9951190558944705,81.9603576660156,70.12937545776367
1341,True,-0.09366802292745105,-0.03316683131802868,0.9950508845185677,81.99726867675781,70.17478561401367
1342,True,-0.09309136698403545,-0.032828320035666124,0.9951162237631741,81.9755554199219,70.19636917114258
1343,True,-0.09219936887796495,-0.032426505010747335,0.9952124387040653,81.9419860839844,70.22198867797852
1344,True,-0.0920049085881666,-0.032280878673126255,0.9952351690267853,81.9346618652344,70.23127365112305
1345,True,-0.0926080244490841,-0.032359495441939515,0.9951766762049745,81.95733642578125,70.22626113891602
1346,True,-0.09282174068176388,-0.032307443265775886,0.9951584565115427,81.9653625488281,70.22957992553711
1347,True,-0.09323067758976399,-0.032543113278776105,0.9951125496818328,81.98075866699219,70.21455383300781
1348,True,-0.0934906165829404,-0.03250643766288101,0.9950893608723845,81.99052429199219,70.21689224243164
1349,True,-0.09370042478208324,-0.03279738836392076,0.9950600794485545,81.9984436035156,70.1983413696289
1350,True,-0.09394522133994238,-0.03292769604472431,0.9950326940460678,82.0076599121094,70.19003295898438
1351,True,-0.09375672090129045,-0.03297190958896926,0.9950490090763844,82.0005798339844,70.18721389770508
1352,True,-0.09403469753274753,-0.03300469577497695,0.995021691078504,82.01103210449219,70.18512344360352
1353,True,-0.0939337512364434,-0.03296108056718098,0.9950326715975178,82.0072326660156,70.18790435791016
1354,True,-0.09384105032735171,-0.033007328240926774,0.9950398854095525,82.0037536621094,70.18495559692383
1355,True,-0.09377555782076273,-0.03318095082960137,0.9950402852434912,82.0013122558594,70.17388534545898
1356,True,-0.0941674037343631,-0.03262328494552863,0.9950217190359678,82.01597595214844,70.20944213867188
1357,True,-0.09396556730784911,-0.03291208069096196,0.9950312895105891,82.0084228515625,70.1910285949707
1358,True,-0.09424102141214966,-0.03257733583679523,0.9950162546777673,82.01873779296875,70.21237182617188
1359,True,-0.09389993623767419,-0.03286894398231598,0.9950389110462203,82.0059509277344,70.19377899169922
1360,True,-0.09477692894160811,-0.03228991303039351,0.9949747209134949,82.0388488769531,70.23069763183594
1361,True,-0.0947141981331898,-0.03262442170645963,0.9949697823453262,82.0365295410156,70.20936965942383
1362,True,-0.09495707439061073,-0.03284202090149921,0.9949394733782962,82.0456848144531,70.19549560546875
1363,True,-0.09496583028572622,-0.032637165391902354,0.9949453786582076,82.0459899902344,70.20855712890625
1364,True,-0.0953730089418668,-0.03300918293270845,0.9948941566857701,82.06134033203125,70.1848373413086
1365,True,-0.09498197092375138,-0.03292841399183049,0.9949342414207194,82.046630859375,70.18998718261719
1366,True,-0.09533922993834225,-0.033037601582886586,0.9948964509517633,82.06007385253906,70.18302536010742
1367,True,-0.09518423372750845,-0.033019293992357826,0.9949118995539018,82.05424499511719,70.1841926574707
1368,True,-0.09552738100695776,-0.03257859225865323,0.994893539432434,82.06709289550781,70.2122917175293
1369,True,-0.09553364860941847,-0.03252103611882647,0.9948948206685619,82.06732177734375,70.21596145629883
1370,True,-0.09559448688640426,-0.032535814056917814,0.9948884936919207,82.0696105957031,70.21501922607422
1371,True,-0.0956065940795937,-0.032427641778961735,0.9948908619628362,82.07005310058594,70.22191619873047
1372,True,-0.09559055505249583,-0.032232834993833004,0.9948987336071025,82.0694274902344,70.23433685302734
1373,True,-0.09575178669153048,-0.03207147230355736,0.994888444002473,82.0754699707031,70.24462509155273
1374,True,-0.09573970356124437,-0.032172884993192194,0.994886332519057,82.07502746582031,70.2381591796875
1375,True,-0.09588349764067017,-0.032005718412647696,0.9948778763592453,82.0804138183594,70.24881744384766
1376,True,-0.09547148471973042,-0.031881569424069056,0.9949214849104769,82.0649108886719,70.25673294067383
1377,True,-0.09547651417176989,-0.03196264026522964,0.9949184011108063,82.06510925292969,70.2515640258789
1378,True,-0.09553974779424912,-0.03172481192643948,0.9949199429600571,82.06745910644531,70.26672744750977
1379,True,-0.09584243099721042,-0.0318967066524196,0.9948853343603344,82.078857421875,70.25576782226562
1380,True,-0.09566295309003416,-0.03178715603253317,0.9949061142225719,82.07209777832031,70.26275253295898
1381,True,-0.09601393570587434,-0.03182502911914699,0.9948710929923703,82.0852966308594,70.26033782958984
1382,True,-0.09580805988550199,-0.03172110238840265,0.9948942593684218,82.0775451660156,70.26696395874023
1383,True,-0.0956720285792266,-0.03160544834650081,0.9949110304858181,82.0724182128906,70.27433776855469
1384,True,-0.09676182897021444,-0.03146981008732394,0.9948099313473939,82.1133728027344,70.28298568725586
1385,True,-0.09699573225966704,-0.03169226370683073,0.9947800904443895,82.1221923828125,70.26880264282227
1386,True,-0.09706076631422879,-0.031660313767395094,0.9947747645445398,82.1246337890625,70.27083969116211
1387,True,-0.09699669282188494,-0.031775668452214155,0.9947773361290615,82.12223815917969,70.26348495483398
1388,True,-0.09666125249366236,-0.03197340980765365,0.9948036506424915,82.1096496582031,70.2508773803711
1389,True,-0.09652643276261372,-0.03199722244938876,0.99481597571292,82.1045837402344,70.24935913085938
1390,True,-0.09655572532390379,-0.03184285877127833,0.9948180860099234,82.10566711425781,70.25920104980469
1391,True,-0.09651229895731864,-0.03184243995406259,0.9948223133644244,82.1040344238281,70.25922775268555
1392,True,-0.09652458681187978,-0.03180606266599829,0.9948222848923735,82.1044921875,70.26154708862305
1393,True,-0.0967774982837167,-0.03191824577896203,0.994794120113473,82.114013671875,70.25439453125
1394,True,-0.09665612454524919,-0.03179379728798969,0.9948099054803905,82.10943603515625,70.2623291015625
1395,True,-0.09662187356220613,-0.03184531184342974,0.9948115850063889,82.108154296875,70.2590446472168
1396,True,-0.09655918328335963,-0.032037428677622055,0.9948115033951793,82.10581970214844,70.24679565429688
1397,True,-0.09650673736611921,-0.03193505825354633,0.9948198840480067,82.10383605957031,70.25332260131836
1398,True,-0.09660497600510437,-0.03192871618234435,0.9948105526651799,82.10752868652344,70.25372695922852
1399,True,-0.09665972211753163,-0.03194331491035432,0.9948047661489663,82.1095886230469,70.2527961730957
1400,True,-0.09650407679438255,-0.03213902096960221,0.9948135737379037,82.103759765625,70.24031829833984
1401,True,-0.09644823371975901,-0.032085412828573925,0.9948207197761608,82.1016540527344,70.24373626708984
1402,True,-0.09647997351507304,-0.03205884804590576,0.9948184985073912,82.10284423828125,70.24542999267578
1403,True,-0.09640385955965826,-0.03199770109526763,0.9948278459043151,82.0999755859375,70.24932861328125
1404,True,-0.09717019375256084,-0.03197131573025077,0.9947541346566832,82.1287841796875,70.25101089477539
1405,True,-0.09708332022791137,-0.03197891423901469,0.9947623726185155,82.1255187988281,70.25052642822266
1406,True,-0.09699804336395501,-0.03199488905062421,0.9947701778090267,82.122314453125,70.24950790405273
1407,True,-0.09674334824835985,-0.03206800212897812,0.9947926255301416,82.11274719238281,70.24484634399414
1408,True,-0.09713034594690097,-0.03225545083222445,0.9947488536247957,82.1273193359375,70.23289489746094
1409,True,-0.09671793510038883,-0.032017804215552274,0.994796713526503,82.1117858886719,70.248046875
1410,True,-0.09437403922663476,-0.03181988364718551,0.9950281582572069,82.0236511230469,70.26066589355469
1411,True,-0.0866390930818391,-0.02873688124374255,0.9958252151890609,81.73271179199219,70.45722198486328
1412,True,-0.0793157521064907,-0.02510952106640105,0.996533252540826,81.45745849609375,70.68846130371094
1413,True,-0.07320961233411918,-0.02450343151756675,0.9970155136735596,81.2283020019531,70.72709655761719
1414,True,-0.0721524175061523,-0.024492420328043683,0.9970928492344593,81.18864440917969,70.72779846191406
1415,True,-0.07096491765883672,-0.024031623336189092,0.9971892806992573,81.1440734863281,70.75717163085938
1416,True,-0.07181792214906733,-0.024321686667615302,0.997121176996975,81.17608642578125,70.73868179321289
1417,True,-0.07288475551462062,-0.02441959080953786,0.9970413712571152,81.21611022949219,70.73244094848633
1418,True,-0.07314483640556715,-0.024332159310091517,0.9970244625537084,81.2258605957031,70.7380142211914
1419,True,-0.0725886470001929,-0.02463400963586837,0.9970576983785548,81.20501708984375,70.7187728881836
1420,True,-0.07327702155198934,-0.024566267053029098,0.9970090153231056,81.2308349609375,70.72309112548828
1421,True,-0.07319402136862133,-0.024577996342240303,0.9970148230250595,81.22772216796875,70.72234344482422
1422,True,-0.07300474983901045,-0.024648192476799592,0.9970269670919489,81.22062683105469,70.71786880493164
1423,True,-0.07267212008710261,-0.024813718429967716,0.9970471615423837,81.2081604003906,70.70731735229492
1424,True,-0.07321515645050454,-0.02458715236667121,0.9970130454534817,81.228515625,70.72175979614258
1425,True,-0.07293536689148306,-0.024551126690016904,0.9970344399441051,81.218017578125,70.72405624389648
1426,True,-0.07305764581748361,-0.024412170210395132,0.997028899447366,81.22259521484375,70.73291397094727
1427,True,-0.07301289227331294,-0.024644242825392983,0.9970264684838858,81.22093200683594,70.71812057495117
1428,True,-0.07366438100683774,-0.024494095944032384,0.996982245696865,81.245361328125,70.72769165039062
1429,True,-0.07346546583005611,-0.024274948727815736,0.9970022829435422,81.2378845214844,70.74166107177734
1430,True,-0.07391550321291966,-0.024405048827694963,0.9969658429336978,81.25477600097656,70.73336791992188
1431,True,-0.07346287018073473,-0.024361722069298545,0.9970003576742722,81.23779296875,70.73612976074219
1432,True,-0.07359135771074533,-0.024613124346315234,0.9969847070944479,81.24263000488281,70.7201042175293
1433,True,-0.0733532386912458,-0.024706360025653042,0.9969999489206547,81.23370361328125,70.71416091918945
1434,True,-0.0736409864438417,-0.024833406757379283,0.9969755799538926,81.2445068359375,70.70606231689452
1435,True,-0.07341802996043031,-0.024865303024198957,0.9969912284379658,81.23614501953125,70.70402908325195
1436,True,-0.07390644115434801,-0.024691758303137797,0.9969594550571244,81.25445556640625,70.71509170532227
1437,True,-0.07382921601832255,-0.024437065118332726,0.9969714523046896,81.25154113769531,70.73132705688477
1438,True,-0.07384776523371447,-0.024526052321498126,0.9969678933283205,81.25224304199219,70.72565460205078
1439,True,-0.07376916203234696,-0.02458218537328158,0.9969723300550115,81.2492980957031,70.72207641601562
1440,True,-0.07370674393326887,-0.024684636969344132,0.9969744152165827,81.24696350097656,70.71554565429688
1441,True,-0.07385037209137064,-0.024658305976374587,0.9969644379256171,81.2523498535156,70.71722412109375
1442,True,-0.07373068896853507,-0.024713660884934287,0.9969719256177124,81.24786376953125,70.71369552612305
1443,True,-0.07382339607272739,-0.02473017757811578,0.996964655596799,81.2513427734375,70.71264266967773
1444,True,-0.07391041314868659,-0.024743941483943876,0.9969578668068323,81.2546081542969,70.71176528930664
1445,True,-0.07373284048422456,-0.02464897043839493,0.9969733679945794,81.24794006347656,70.71781921386719
1446,True,-0.07387765422619715,-0.024641549881031552,0.9969628309147212,81.25337219238281,70.71829223632812
1447,True,-0.07368010509561075,-0.024794508836803505,0.996973657848913,81.2459716796875,70.70854187011719
1448,True,-0.07400222497794602,-0.024804263241953547,0.9969495570104525,81.258056640625,70.70792007446289
1449,True,-0.07370445346267109,-0.024825268118644057,0.9969710926614704,81.24688720703125,70.70658111572266
1450,True,-0.0740074370590911,-0.02484531549785638,0.9969481478781915,81.25825500488281,70.70530319213867
1451,True,-0.0739272992035234,-0.024851299788222526,0.9969539444384122,81.2552490234375,70.70492172241211
1452,True,-0.07421374760040164,-0.02479217496037464,0.9969341340970517,81.2659912109375,70.70869064331055
1453,True,-0.0743337784791702,-0.024766921211915843,0.9969258192015554,81.27049255371094,70.71030044555664
1454,True,-0.07434234185650784,-0.024754892762186984,0.9969254794073741,81.27081298828125,70.71106719970702
1455,True,-0.0744096521717788,-0.024866320353118292,0.99691768455363,81.2733459472656,70.70396423339844
1456,True,-0.07428104891087738,-0.024908808773210233,0.9969262144302353,81.2685241699219,70.70125579833984
1457,True,-0.07444936182834433,-0.024946629413527176,0.9969127134329547,81.27484130859375,70.69884490966797
1458,True,-0.0745618139214904,-0.024840049321597717,0.9969069705115104,81.279052734375,70.70563888549805
1459,True,-0.07446233957268111,-0.024966676732130738,0.9969112423071153,81.27532958984375,70.69756698608398
1460,True,-0.07887242042594225,-0.02539790108757009,0.9965611310484167,81.44084167480469,70.67007827758789
1461,True,-0.08774488503113549,-0.028100811722398034,0.9957465438209742,81.77418518066406,70.49777221679688
1462,True,-0.09132136230282445,-0.029006205025448047,0.9953989395499565,81.90863037109375,70.4400520324707
1463,True,-0.09312093373849643,-0.02934990243156181,0.9952221234111149,81.9762878417969,70.41814041137695
1464,True,-0.09308575604432112,-0.028997050085770984,0.9952357575509335,81.97492980957031,70.44063568115234
1465,True,-0.09264750723736122,-0.028434944127006066,0.9952928681323889,81.9584045410156,70.47647094726562
1466,True,-0.09221620999635387,-0.02798783787633207,0.995345594024968,81.94215393066406,70.50497436523438
1467,True,-0.09169138709082704,-0.028205228437876807,0.9953879417705075,81.9224548339844,70.49111557006836
1468,True,-0.09139919539551361,-0.02844056882162971,0.9954081178723403,81.9114990234375,70.47611236572266
1469,True,-0.09136076175420678,-0.02884979284655546,0.9953998697329641,81.91009521484375,70.45002365112305
1470,True,-0.09189385514197546,-0.028889703749076373,0.9953496392747808,81.93013000488281,70.44747924804688
1471,True,-0.09141132452694035,-0.029078487078046316,0.9953885730394348,81.9120178222656,70.43544387817383
1472,True,-0.09179325855013239,-0.029000221405019483,0.9953557076961022,81.9263610839844,70.44043350219727
1473,True,-0.09181769180697355,-0.028974611497845852,0.9953541999508458,81.9272766113281,70.44206619262695
1474,True,-0.09190801773677577,-0.02890861204663981,0.9953477826494784,81.9306640625,70.44627380371094
1475,True,-0.09153921251076577,-0.028937752345728446,0.9953809215883567,81.91680908203125,70.44441604614258
1476,True,-0.09185566059232454,-0.028745019029196538,0.9953573536665908,81.9286804199219,70.45670318603516
1477,True,-0.0921780760577319,-0.028749267431139886,0.9953274244772258,81.9407958984375,70.4564323425293
1478,True,-0.09218710530341487,-0.02871318591642853,0.9953276297633387,81.9411315917969,70.45873260498047
1479,True,-0.09199714116605698,-0.02868302820378599,0.9953460754483002,81.9339904785156,70.46065521240234
1480,True,-0.09212212868142303,-0.028714981017547662,0.995333593963534,81.9386901855469,70.4586181640625
1481,True,-0.09198837532702275,-0.028619361835835442,0.9953487182554687,81.93365478515625,70.46471405029297
1482,True,-0.09210277328975171,-0.028663461578640595,0.9953368701714341,81.9379577636719,70.4619026184082
1483,True,-0.09200380625763199,-0.028619421672701973,0.9953472903149073,81.9342346191406,70.4647102355957
1484,True,-0.09241173677169491,-0.028531281857232985,0.995312029899379,81.9495544433594,70.47032928466797
1485,True,-0.09220106785631328,-0.028500226431484338,0.9953324571114466,81.94163513183594,70.47230911254883
1486,True,-0.0922697497130124,-0.028479163776398055,0.9953266953711707,81.9442138671875,70.47365188598633
1487,True,-0.09232741057482054,-0.028633543170334928,0.9953169191077087,81.94639587402344,70.46380996704102
1488,True,-0.09217069175156889,-0.02846994886082111,0.9953361369878517,81.94049072265625,70.47423934936523
1489,True,-0.09211309702838455,-0.028443919703105138,0.9953422129035635,81.9383239746094,70.47589874267578
1490,True,-0.09236646383251325,-0.028452835439759776,0.9953184779328247,81.9478454589844,70.4753303527832
1491,True,-0.09201090182547624,-0.02839150230629878,0.9953531617180176,81.9344787597656,70.47924041748047
1492,True,-0.0920254286016707,-0.028426746432165726,0.9953508128182547,81.9350280761719,70.47699356079102
1493,True,-0.09200078071058922,-0.02853463273004205,0.9953500043118519,81.9341125488281,70.4701156616211
1494,True,-0.09214450083838424,-0.028546779641286622,0.9953363614062117,81.93951416015625,70.46934127807617
1495,True,-0.09210388822836868,-0.02854863458795299,0.9953400671310182,81.93798828125,70.46922302246094
1496,True,-0.09185763232732888,-0.028613258474910537,0.9953609681028612,81.9287414550781,70.46510314941406
1497,True,-0.09187441494457173,-0.02871683595527347,0.9953564362635682,81.92938232421875,70.45849990844727
1498,True,-0.09193940679930315,-0.028709835060758405,0.9953506371365702,81.93182373046875,70.45894622802734
1499,True,-0.09182894583587942,-0.028712108855712612,0.9953607685215089,81.92767333984375,70.45880126953125
1500,True,-0.09182894583587942,-0.028712108855712612,0.9953607685215089,81.92767333984375,70.45880126953125
1501,True,-0.09226234404820455,-0.02882256724198191,0.9953174968261697,81.9439697265625,70.4517593383789
1502,True,-0.09236747305040453,-0.028685720857762397,0.9953116995902105,81.9479064941406,70.46048355102539
1503,True,-0.09221562767040674,-0.028676446159856386,0.9953260468052637,81.94219970703125,70.46107482910156
1504,True,-0.09216757859214648,-0.028726469662516893,0.9953290548342236,81.9403991699219,70.4578857421875
1505,True,-0.09215620107538265,-0.028729281986488563,0.995330027156769,81.9399719238281,70.45770645141602
1506,True,-0.09219402534375225,-0.02870684322506602,0.9953271717596014,81.94139099121094,70.45913696289062
1507,True,-0.0921313481066832,-0.02891309977397324,0.9953270052387333,81.9390563964844,70.44598770141602
1508,True,-0.09221927105385,-0.028833696832370564,0.9953211662439795,81.9423522949219,70.4510498046875
1509,True,-0.09203078409212624,-0.028859546189801195,0.9953378629255029,81.9352722167969,70.44940185546875
1510,True,-0.09245860733379195,-0.028619421672701973,0.995305146491776,81.9513244628906,70.4647102355957
1511,True,-0.09211799486521806,-0.028742565726429373,0.9953331803659886,81.93853759765625,70.45685958862305
1512,True,-0.0922629128593455,-0.028761354431011132,0.9953192148260791,81.94398498535156,70.45566177368164
1513,True,-0.09193662931869695,-0.028685182326983766,0.9953516044616516,81.93171691894531,70.46051788330078
1514,True,-0.09165746510724208,-0.028754174035554976,0.9953753596335645,81.9212341308594,70.45611953735352
1515,True,-0.09169621683622686,-0.02868853318502662,0.9953736845434559,81.92268371582031,70.4603042602539
1516,True,-0.09180790379138457,-0.02868386591837873,0.9953635238632206,81.9268798828125,70.46060180664062
1517,True,-0.09160555216204783,-0.02872874345638393,0.9953808728886162,81.9192810058594,70.4577407836914
1518,True,-0.09126088421633144,-0.028840637865426903,0.9954092970329184,81.9063415527344,70.45060729980469
1519,True,-0.09129409321289743,-0.028875402846268154,0.9954052439358055,81.9075927734375,70.44839096069336
1520,True,-0.09144844080543892,-0.028864452778616136,0.9953913933925916,81.91339111328125,70.44908905029297
1521,True,-0.09152103011154569,-0.028749267431139886,0.9953880553178717,81.9161071777344,70.4564323425293
1522,True,-0.09173665931756679,-0.028751720733434023,0.9953681348587161,81.92420959472656,70.4562759399414
1523,True,-0.09166708351401508,-0.028802581839520183,0.9953730743190777,81.9216003417969,70.45303344726562
1524,True,-0.09181954189135048,-0.028889703749076373,0.9953564973134768,81.9273376464844,70.44747924804688
1525,True,-0.09189182822962137,-0.028888387348228125,0.99534986461095,81.9300537109375,70.44756317138672
1526,True,-0.09213546098247764,-0.028893533278531853,0.9953271927181678,81.939208984375,70.44723510742188
1527,True,-0.092139687817208,-0.02883112386286715,0.9953286111761038,81.9393615722656,70.45121383666992
1528,True,-0.0921842057143504,-0.028887489802166502,0.9953228547309381,81.9410400390625,70.4476203918457
1529,True,-0.09215131502812979,-0.02888707094732977,0.9953259125887713,81.93980407714844,70.44764709472656
1530,True,-0.09200237089784381,-0.028854938782598014,0.9953406232325837,81.9342041015625,70.4496955871582
1531,True,-0.09224734694520889,-0.028964499169447516,0.9953147666790809,81.94342041015625,70.44271087646484
1532,True,-0.09217615380229427,-0.029013505040963315,0.9953199350939645,81.94075012207031,70.4395866394043
1533,True,-0.09202359173045455,-0.02911989361585958,0.9953309451437886,81.9350280761719,70.43280410766602
1534,True,-0.0919479517281374,-0.02916088125219919,0.9953367355712313,81.93218994140625,70.43019104003906
1535,True,-0.09171316090221804,-0.029189243471128133,0.9953575659947068,81.9233703613281,70.42838287353516
1536,True,-0.09167903639125864,-0.029194209848818792,0.9953605640157106,81.9220886230469,70.42806625366211
1537,True,-0.09175074354324905,-0.029257516142219758,0.9953520979072926,81.92478942871094,70.42403030395508
1538,True,-0.0916964093226742,-0.029378324328989344,0.99535354652352,81.9227600097656,70.41632843017578
1539,True,-0.09145310113534211,-0.02955166747047151,0.99537079987432,81.91363525390625,70.40527725219727
1540,True,-0.09146594971944498,-0.029605698651392436,0.9953680136759886,81.91412353515625,70.4018325805664
1541,True,-0.09126132982745926,-0.029586790739661067,0.9953873575105578,81.90643310546875,70.40303802490234
1542,True,-0.09106891941755524,-0.0297069395679974,0.9954014012736883,81.89921569824219,70.39537811279297
1543,True,-0.09065567607864075,-0.029791665774644996,0.9954365901679003,81.8836975097656,70.38997650146484
1544,True,-0.09055659735939356,-0.029786340475581367,0.9954457677823345,81.8799743652344,70.39031600952148
1545,True,-0.09082741022417769,-0.029960399531018308,0.9954158708860888,81.8901672363281,70.37921905517578
1546,True,-0.0905628846567207,-0.02956267715332796,0.9954518632471294,81.88018798828125,70.40457534790039
1547,True,-0.09044924827361282,-0.02983546483148065,0.995454056461185,81.8759460449219,70.3871841430664
1548,True,-0.09037135423343284,-0.029805008936000424,0.9954620433629503,81.8730163574219,70.38912582397461
1549,True,-0.09026817090061807,-0.03011483205418885,0.995462080750746,81.8691711425781,70.3693733215332
1550,True,-0.09023717940728762,-0.030161024052576358,0.9954634920883422,81.8680114746094,70.36642837524414
1551,True,-0.0903233119131171,-0.030297325972502884,0.9954515414443648,81.87126159667969,70.35773849487305
1552,True,-0.09039175313889546,-0.030367810238791846,0.9954431812342569,81.87384033203125,70.35324478149414
1553,True,-0.09078448441553649,-0.03050734231345429,0.9954031743240399,81.88861083984375,70.3443489074707
1554,True,-0.09069611848132134,-0.030447688235774078,0.9954130561598633,81.8852844238281,70.34815216064452
1555,True,-0.09060898870916251,-0.030528104539683715,0.9954185280565743,81.88201904296875,70.34302520751952
1556,True,-0.09083884523991616,-0.03052786520573881,0.9953975857120906,81.8906555175781,70.3430404663086
1557,True,-0.09080210075373096,-0.030598169476739392,0.995398779647324,81.8892822265625,70.33855819702148
1558,True,-0.09045210446932657,-0.030865204657275064,0.9954224007618748,81.87615966796875,70.321533203125
1559,True,-0.09053889427560508,-0.030907267134927193,0.995413205388396,81.8794250488281,70.31885147094727
1560,True,-0.09038154984770101,-0.030826133772023406,0.9954300201037726,81.8735046386719,70.32402420043945
1561,True,-0.09035934376954173,-0.031069772579213912,0.9954244613356724,81.87269592285156,70.30849075317383
1562,True,-0.09040341791188525,-0.030848391617484587,0.9954273447944171,81.87432861328125,70.32260513305664
1563,True,-0.09039740132715013,-0.030821466802487728,0.9954287252322194,81.87409973144531,70.32432174682617
1564,True,-0.09041726451299555,-0.030834510382324792,0.9954265172515093,81.8748474121094,70.32349014282227
1565,True,-0.09055107985151528,-0.030906429475877708,0.9954121229695654,81.8798828125,70.31890487670898
1566,True,-0.09068622820890745,-0.030791610148152442,0.9954033779115512,81.88494873046875,70.32622528076172
1567,True,-0.09123154431136499,-0.030671046425097236,0.9953572686396341,81.9054260253906,70.33391189575195
1568,True,-0.09092213950048642,-0.030658002779642167,0.9953859811220055,81.893798828125,70.33474349975586
1569,True,-0.09099558148829323,-0.030534267388162256,0.995383073326383,81.89654541015625,70.34263229370117
1570,True,-0.09207462621033559,-0.030641967465231235,0.9952805298196518,81.9371032714844,70.33576583862305
1571,True,-0.09218636415315529,-0.030471801180946473,0.9952754109275536,81.9412841796875,70.34661483764648
1572,True,-0.0931592190569472,-0.030756488156883303,0.995176063991169,81.9778747558594,70.32846450805664
1573,True,-0.09406342140020346,-0.03143133825667973,0.9950699190156851,82.0119323730469,70.28543853759766
1574,True,-0.09770794073962956,-0.03311107114834309,0.9946641721122916,82.1491394042969,70.17834091186523
1575,True,-0.10145224892880317,-0.034683264352994125,0.9942356422705377,82.2901611328125,70.07809448242188
1576,True,-0.10135263407397763,-0.034634925412233605,0.9942474870513655,82.2864074707031,70.0811767578125
1577,True,-0.10112783159744049,-0.03488804587025288,0.9942615279350574,82.2779846191406,70.06503677368164
1578,True,-0.10032085191088003,-0.033869029625679,0.9943785071611766,82.24749755859375,70.13001251220702
1579,True,-0.09996177445498805,-0.033760682651651684,0.9944183525834107,82.2339782714844,70.13692092895508
1580,True,-0.10019903643938836,-0.03342050288725872,0.9944059649274942,82.24285888671875,70.15861129760742
1581,True,-0.10008837647971539,-0.03339184528688966,0.9944180718198916,82.23869323730469,70.16043853759766
1582,True,-0.10030575609877787,-0.033534654391982784,0.9943913627180512,82.24688720703125,70.15133285522461
1583,True,-0.10043636066273391,-0.03342217806972902,0.9943819665852255,82.25178527832031,70.15850448608398
1584,True,-0.10042045257909492,-0.03344784424654885,0.9943827102373956,82.2511901855469,70.15686798095702
1585,True,-0.10041040846966731,-0.03329767585990617,0.9943887643438472,82.25079345703125,70.16644287109375
1586,True,-0.10028514944483552,-0.033146070837720865,0.9944064696032744,82.2460632324219,70.17610931396484
1587,True,-0.10019283554990749,-0.033212241079525764,0.9944135672580823,82.24259948730469,70.17189025878906
1588,True,-0.10013279244588928,-0.033089951658012685,0.994423691882016,82.2403259277344,70.1796875
1589,True,-0.10007002525560421,-0.03317688249643743,0.9944271137258679,82.23797607421875,70.17414474487305
1590,True,-0.10067928412360672,-0.03320440356300077,0.9943646963425358,82.2608947753906,70.17238998413086
1591,True,-0.10061865740980647,-0.033136917076730214,0.9943730841629301,82.25860595703125,70.17669296264648
1592,True,-0.10095912513158187,-0.033105507091418164,0.9943396202771394,82.27140808105469,70.17869567871094
1593,True,-0.10050622030224757,-0.033033712716544456,0.9943878888566157,82.2543640136719,70.18327331542969
1594,True,-0.10072322748790187,-0.03279960204360029,0.9943736810425957,82.26249694824219,70.19820022583008
1595,True,-0.10053864260216866,-0.03279870460591177,0.9943923905178919,82.25555419921875,70.19825744628906
1596,True,-0.10068640536175232,-0.03301552478116757,0.9943702644884113,82.2611389160156,70.18443298339844
1597,True,-0.10047861311825175,-0.03279475587976811,0.9943985882394539,82.2532958984375,70.1985092163086
1598,True,-0.1005431395842332,-0.03254149787736685,0.9944003861616522,82.25569152832031,70.21465682983398
1599,True,-0.1005470298398059,-0.03271578124947779,0.9943942741426207,82.255859375,70.20354461669922
1600,True,-0.10093661160024729,-0.032431291402945456,0.9943641243410777,82.2704772949219,70.22168350219727
1601,True,-0.10136418509494567,-0.032432428170983206,0.9943205919536071,82.28656005859375,70.22161102294922
1602,True,-0.10129638764073019,-0.03195115274922046,0.9943430824865906,82.28395080566406,70.2522964477539
1603,True,-0.1014922870142018,-0.0318376534711998,0.9943267468483762,82.29130554199219,70.2595329284668
1604,True,-0.10152627122438294,-0.03174042788015687,0.9943263857955584,82.2925720214844,70.26573181152344
1605,True,-0.10116822184998248,-0.031564284260433575,0.9943684864509933,82.2790832519531,70.27696228027344
1606,True,-0.10150426782803659,-0.03177064263450457,0.9943276672602873,82.291748046875,70.2638053894043
1607,True,-0.10125805394529237,-0.03163572306163854,0.9943570724531402,82.282470703125,70.27240753173828
1608,True,-0.10146389866218306,-0.03158319102754688,0.9943377591707899,82.29020690917969,70.2757568359375
1609,True,-0.10128246071845877,-0.03161508121355495,0.9943552432559876,82.28338623046875,70.27372360229492
1610,True,-0.10148826093224206,-0.0317024948603679,0.9943314762756822,82.2911376953125,70.26815032958984
1611,True,-0.10124362167673427,-0.03158199439705185,0.9943602499595822,82.28192138671875,70.27583312988281
1612,True,-0.10133288147962166,-0.03132423913624633,0.9943593109000249,82.2852478027344,70.29226684570312
1613,True,-0.09739915770622988,-0.03020643814363675,0.9947868993773449,82.13719177246094,70.36353302001952
1614,True,-0.09012295526600399,-0.028193380596793313,0.9955315094082388,81.863525390625,70.49187088012695
1615,True,-0.08097037071349042,-0.026655521744821598,0.9963600163731137,81.5196838378906,70.58990859985352
1616,True,-0.07887637645287356,-0.026445123305184833,0.9965335783058382,81.4410705566406,70.60332107543945
1617,True,-0.07905208328058429,-0.026797043353536464,0.9965102541351535,81.44769287109375,70.58088684082031
1618,True,-0.0802922126282522,-0.026894283048397687,0.9964084795557354,81.49424743652344,70.57468795776367
1619,True,-0.08044731162349421,-0.027536836511887212,0.9963784184171545,81.5001220703125,70.53372573852539
1620,True,-0.08113880581529616,-0.02751254199691504,0.9963230170099131,81.52607727050781,70.53527450561523
1621,True,-0.08089387203277858,-0.027433614630525693,0.9963451100175322,81.5168762207031,70.5403060913086
1622,True,-0.08114847057531016,-0.027734183963046128,0.99631608476587,81.5264587402344,70.52114486694336
1623,True,-0.08115518289633195,-0.027641374546962572,0.9963181172207085,81.5267028808594,70.52706146240234
1624,True,-0.08117680552706723,-0.02778666216670398,0.9963123143121609,81.52752685546875,70.5177993774414
1625,True,-0.08079289634947776,-0.02787157257569446,0.996341148072095,81.51312255859375,70.51238632202148
1626,True,-0.08110208661773659,-0.02793428288257637,0.9963142713953692,81.52473449707031,70.50838851928711
1627,True,-0.08125046598669325,-0.027926922804538463,0.9963023882133448,81.5303039550781,70.50885772705078
1628,True,-0.08134572921582135,-0.027861100901159938,0.9962964575842482,81.53387451171875,70.51305389404297
1629,True,-0.08112019263411682,-0.028015901857750488,0.9963105056106257,81.5254211425781,70.5031852722168
1630,True,-0.08212902266389568,-0.028014405910470656,0.996227893956878,81.56329345703125,70.50328063964844
1631,True,-0.08217468159786966,-0.02795456796786537,0.9962258096606506,81.56500244140625,70.50709533691406
1632,True,-0.08247714282046686,-0.027922434951333248,0.9962017157878021,81.57635498046875,70.5091438293457
1633,True,-0.08221988080622458,-0.028094169731831185,0.9962181532311531,81.56671142578125,70.49819564819336
1634,True,-0.08209228399782377,-0.028083398933680902,0.9962289795084022,81.5619201660156,70.49888229370117
1635,True,-0.0822570133004751,-0.028206185839003473,0.996211922656671,81.568115234375,70.49105453491211
1636,True,-0.08198409514288726,-0.02793924943844543,0.9962419417412712,81.55784606933594,70.50807189941406
1637,True,-0.08194011150725838,-0.027977366235821862,0.996244490627017,81.55619812011719,70.50564193725586
1638,True,-0.08195119931033826,-0.028104641338016843,0.9962399962192136,81.55662536621094,70.49752807617188
1639,True,-0.0820745958883804,-0.02799860870336683,0.9962328235008294,81.5612487792969,70.50428771972656
1640,True,-0.08193794432079987,-0.028036127058813597,0.9962430169692652,81.5561218261719,70.50189590454102
1641,True,-0.0823181524765948,-0.028131089609619228,0.9962089959291753,81.5704040527344,70.49584197998047
1642,True,-0.08244550121332435,-0.027896405391647075,0.9962050641790117,81.5751647949219,70.51080322265625
1643,True,-0.08224961852591478,-0.028064789380305204,0.9962165265891652,81.56782531738281,70.50006866455078
1644,True,-0.08252751071930026,-0.02793512061493998,0.9961971888189127,81.5782470703125,70.50833511352539
1645,True,-0.0824245667557838,-0.027985982900236933,0.9962042840483216,81.57438659667969,70.50509262084961
1646,True,-0.08212665548973448,-0.027983350030775143,0.996228961925483,81.5632019042969,70.5052604675293
1647,True,-0.0826274781132889,-0.027940924902920366,0.9961887394345548,81.5820007324219,70.50796508789062
1648,True,-0.08263811202915383,-0.02791196329166584,0.9961886692516944,81.5823974609375,70.50981140136719
1649,True,-0.08337717985703749,-0.02782106915719213,0.9961296271018336,81.6101379394531,70.51560592651367
1650,True,-0.08346740815644785,-0.027465688243589168,0.996131932900934,81.6134948730469,70.53826141357422
1651,True,-0.08350254907727223,-0.02738257205002028,0.9961312760101065,81.61480712890625,70.54356002807617
1652,True,-0.08361873856864618,-0.027043463205260528,0.9961307934493613,81.619140625,70.56517791748047
1653,True,-0.08361443489270237,-0.026969681036683193,0.9961331550462286,81.61897277832031,70.56988143920898
1654,True,-0.08389250573416548,-0.02674713685162165,0.9961157754758648,81.62939453125,70.58406829833984
1655,True,-0.08336434911986743,-0.026488447767109582,0.9961670278777098,81.60954284667969,70.60055923461914
1656,True,-0.08334041340134607,-0.02646905947813994,0.9961695460033073,81.608642578125,70.6017951965332
1657,True,-0.08321698693890567,-0.026412390564127395,0.9961813683810282,81.60400390625,70.60540771484375
1658,True,-0.08326693064994915,-0.026617164210317547,0.9961717446452382,81.60589599609375,70.59235382080078
1659,True,-0.08324013280905304,-0.026605555213987837,0.9961742943489793,81.6048889160156,70.59309387207031
1660,True,-0.0829211340289967,-0.026400781504735623,0.9962063462291757,81.5928955078125,70.60614776611328
1661,True,-0.08256921509215459,-0.026187988013723597,0.9962411926852144,81.57966613769531,70.61971282958984
1662,True,-0.08226086500816429,-0.02535266045146787,0.9962883080193911,81.5680236816406,70.6729621887207
1663,True,-0.08221960441518153,-0.025060749388480085,0.9962990994123697,81.56645202636719,70.69157028198242
1664,True,-0.08185299424872448,-0.02504578873912069,0.9963296622097295,81.55268859863281,70.69252395629883
1665,True,-0.08174573723725781,-0.025019098926736018,0.9963391386131689,81.54866027832031,70.6942253112793
1666,True,-0.08065655798380592,-0.02509605649870918,0.9964259669450705,81.5077819824219,70.6893196105957
1667,True,-0.07895301862094285,-0.024733289418104522,0.9965714651971534,81.4438171386719,70.71244430541992
1668,True,-0.07860420526388338,-0.024714019943553454,0.9965995164222503,81.43072509765625,70.71367263793945
1669,True,-0.07810949316304588,-0.02443993760673529,0.9966451708243967,81.4121398925781,70.73114395141602
1670,True,-0.07767629983864371,-0.024302237467364794,0.9966823935925913,81.3958740234375,70.73992156982422
1671,True,-0.0778806953748614,-0.02415867216361138,0.9966699332513342,81.4035339355469,70.74907302856445
1672,True,-0.07768478986758559,-0.02411223325911043,0.9966863466660348,81.39617919921875,70.75203323364258
1673,True,-0.07746470805594277,-0.023944669769786958,0.996707515671184,81.3879089355469,70.76271438598633
1674,True,-0.07625366184231985,-0.023282787455775555,0.9968165783452472,81.34242248535156,70.80490493774414
1675,True,-0.07526344036681877,-0.02323550975367502,0.9968929358916319,81.3052673339844,70.80791854858398
1676,True,-0.07405984820003457,-0.023043825070655336,0.9969875229965022,81.2601013183594,70.82013702392578
1677,True,-0.0725528808722125,-0.022723052058063475,0.9971056826547068,81.20355224609375,70.84058380126952
1678,True,-0.06508296640064382,-0.01973891747905303,0.9976846107970433,80.92327880859375,71.03079223632812
1679,True,-0.05425372678245401,-0.014638169568645837,0.9984198801716112,80.51727294921875,71.35588836669922
1680,True,-0.04881065999811794,-0.012638626401468235,0.998728083410711,80.3133544921875,71.48332214355469
1681,True,-0.047301938640719104,-0.010888161352345415,0.9988212925960254,80.25682067871094,71.59487915039062
1682,True,-0.04855783582139603,-0.011588674906266331,0.9987531422700302,80.3038635253906,71.55023574829102
1683,True,-0.04999028320838011,-0.011875810214631048,0.9986790959645107,80.3575134277344,71.53193664550781
1684,True,-0.04992965228031194,-0.011743944776252473,0.9986836884540867,80.35523986816406,71.54034042358398
1685,True,-0.050043581121684416,-0.012004143879203653,0.9986748923039194,80.35951232910156,71.52375793457031
1686,True,-0.04887895050567854,-0.011534803259061229,0.9987381020624168,80.3158874511719,71.55366897583008
1687,True,-0.04791753037583721,-0.011872158927459185,0.9987807377623388,80.27989196777344,71.53216934204102
1688,True,-0.0478442286052448,-0.011792548856410734,0.9987851949146215,80.27714538574219,71.5372428894043
1689,True,-0.047906580664716356,-0.011779859123879906,0.9987823558954355,80.27947998046875,71.53805160522461
1690,True,-0.04711030927701715,-0.011843846482216562,0.9988194742095938,80.2496643066406,71.53397369384766
1691,True,-0.046601817843134094,-0.011713417568855718,0.9988448660440584,80.2306213378906,71.54228591918945
1692,True,-0.046732668544571934,-0.011638176934658157,0.9988396320372659,80.23551940917969,71.54708099365234
1693,True,-0.04688225174413415,-0.01158472431994562,0.998833243656733,80.2411193847656,71.55048751831055
1694,True,-0.04660614990672097,-0.011232881989987934,0.998850183537587,80.23077392578125,71.57291030883789
1695,True,-0.04635425723335857,-0.011328414684410438,0.9988608260699193,80.2213439941406,71.56682205200195
1696,True,-0.04642803620598556,-0.011292260719437439,0.9988578088506391,80.22410583496094,71.56912612915039
1697,True,-0.046264423120515256,-0.010887203626925638,0.9988698974093232,80.21797180175781,71.59494018554688
1698,True,-0.04486687185739535,-0.01114369410627007,0.9989308193720915,80.1656494140625,71.57859420776367
1699,True,-0.044851835444592446,-0.011057977882123987,0.9989324471566682,80.16508483886719,71.58405685424805
1700,True,-0.044523018480530877,-0.010908333441677331,0.9989488020348728,80.15277099609375,71.59359359741211
1701,True,-0.044365597703060644,-0.011124779080586563,0.9989534188493767,80.1468811035156,71.57979965209961
1702,True,-0.04429601605452995,-0.010899534340941439,0.9989589897052068,80.14427185058594,71.59415435791016
1703,True,-0.043948452416983544,-0.010724869024671084,0.9989762313061086,80.1312561035156,71.60528564453125
1704,True,-0.04398838617476515,-0.010740192657091193,0.9989743090507525,80.13275146484375,71.60430908203125
1705,True,-0.043945798994731444,-0.01115752122695295,0.9989716094418223,80.13116455078125,71.57771301269531
1706,True,-0.04421077940411273,-0.011018411916016185,0.998961461510568,80.1410827636719,71.58657836914062
1707,True,-0.04417743643766525,-0.010859908448267022,0.9989646722974198,80.13983154296875,71.5966796875
1708,True,-0.04412287167264686,-0.010759466909912724,0.9989681706977322,80.1377868652344,71.60308074951172
1709,True,-0.044092521369631744,-0.011154707916856932,0.998965175594504,80.13665771484375,71.5778923034668
1710,True,-0.044191687717153066,-0.010887383200442607,0.9989637428974869,80.14036560058594,71.59492874145508
1711,True,-0.04401894502273754,-0.010757491598471888,0.9989727768330797,80.13389587402344,71.60320663452148
1712,True,-0.04412938159120936,-0.010782631922765268,0.9989676333741726,80.1380310058594,71.60160446166992
1713,True,-0.04398193130538297,-0.01059934683180227,0.9989760975946259,80.13250732421875,71.61328506469727
1714,True,-0.04397356096622416,-0.010187043871914046,0.9989807556069843,80.13218688964844,71.63956069946289
1715,True,-0.04403213806639473,-0.00950525573957339,0.9989848952464833,80.1343688964844,71.68301010131836
1716,True,-0.04318849889878077,-0.009416964145832984,0.9990225594795876,80.102783203125,71.68863677978516
1717,True,-0.04327350001569051,-0.008848843425590157,0.9990240748682794,80.10595703125,71.7248420715332
1718,True,-0.04283205551384062,-0.007789333592263625,0.9990519212246418,80.08941650390625,71.79236221313477
1719,True,-0.042784800613565856,-0.007711336547843079,0.9990545511257647,80.087646484375,71.79733276367188
1720,True,-0.04209152303609094,-0.007558395162290019,0.9990851687173986,80.06169128417969,71.80707931518555
1721,True,-0.04327819627896887,-0.007044917879684526,0.9990382209199543,80.1061096191406,71.83980178833008
1722,True,-0.04218928583323588,-0.00638490112057562,0.9990892338517927,80.0653381347656,71.88186264038086
1723,True,-0.045996851239848605,-0.01054397814321367,0.9988859365317617,80.20794677734375,71.61681365966797
1724,True,-0.045337526211045975,-0.01800588008615522,0.9988094397828776,80.1834411621094,71.14125061035156
1725,True,-0.04268138135597132,-0.0217797505259766,0.99885131133346,80.0841064453125,70.90071105957031
1726,True,-0.04036530399864014,-0.019429553315724806,0.9989960634011772,79.997314453125,71.05051040649414
1727,True,-0.03680347941517732,-0.005979707139254331,0.9993046317342202,79.8637390136719,71.90768432617188
1728,True,0.02010297830797836,0.031815437643231456,0.9992915731610662,77.734619140625,74.31654357910156
1729,False,-0.07455715855091974,0.0544242620115974,0.9957305005940644,81.28216552734375,75.75867462158203
1730,False,-0.02670718305734016,0.07405197392260222,0.9968967005318595,79.48866271972656,77.01206970214842
1731,False,-0.04451443678915725,0.08498439419665099,0.99538742088715,80.15840148925781,77.7109603881836
1732,False,-0.049058169996080446,0.05088490755360233,0.9974988832775187,80.3248596191406,75.5328140258789
1733,False,-0.009982085436736721,0.0466334698523878,0.9988621914257542,78.86067199707031,75.26156616210938
1734,False,0.020435513093275733,0.06107964610073023,0.9979236777613928,77.72113037109375,76.18350219726562
1735,False,0.06837484794067442,0.07124556585082964,0.9951125310816284,75.9211120605469,76.83275604248047
1736,False,0.07106342169132712,0.07212015969949882,0.9948611323508619,75.81988525390625,76.88863372802734
1737,False,0.04205053548616988,0.06639025838334432,0.9969072605097824,76.9102478027344,76.52261352539062
1738,False,0.008802142895269299,0.061965469786545185,0.9980394795971671,78.1570739746094,76.24005889892578
1739,False,-0.022804663549892117,0.0669474030701894,0.9974958609149884,79.3418273925781,76.55819702148438
1740,False,-0.02024371562771927,0.07943589846434582,0.9966344013793353,79.24650573730469,77.3561782836914
1741,False,-0.026326211594671328,0.08261530236910325,0.9962337287993889,79.47503662109375,77.55945587158203
1742,False,-0.037260256368037085,0.09270076148146082,0.99499660407267,79.8868408203125,78.20464324951172
1743,False,-0.027093938737365188,0.09641782314144946,0.9949721211493116,79.505126953125,78.44258117675781
1744,False,-0.03158011230335039,0.09477023598473713,0.9949981401381135,79.673583984375,78.33710479736328
1745,False,-0.048792556694522475,0.08777972825346013,0.9949442224159908,80.3196105957031,77.88976287841797
1746,False,-0.04353342325244716,0.07965453557866867,0.995871475654198,80.1208190917969,77.37015533447266
1747,True,-0.019062787142062634,0.07541550384148585,0.9969699654085429,79.20196533203125,77.09920501708984
1748,True,0.0013214304857655642,0.07370871161758367,0.9972789377366531,78.43736267089844,76.9901351928711
1749,True,0.005603896030888609,0.06918150426687264,0.9975883498801736,78.2768249511719,76.70089721679688
1750,True,0.02747454317044401,0.06467138991853788,0.9975283258151519,77.4570617675781,76.412841796875
1751,True,0.02472764313571109,0.06425872760225061,0.9976268639084919,77.56007385253906,76.38648986816406
1752,True,0.03189683496282545,0.0476709096559955,0.9983536829660741,77.2923889160156,75.32775115966797
1753,True,0.03682027307680884,0.03792702839143618,0.9986019266994954,77.10850524902344,74.70624542236328
1754,True,0.04192435804533694,0.032287620979910885,0.9985989473927679,76.9176330566406,74.34664916992188
1755,True,0.0432966519562754,0.02490466111108475,0.9987517998904029,76.8665771484375,73.87597274780273
1756,True,0.04083825371220101,0.020997103754440777,0.9989451229510373,76.9587707519531,73.62689590454102
1757,True,0.04306055952039688,0.018035129040524997,0.9989096667538472,76.87565612792969,73.43810653686523
1758,True,0.03815048606129176,0.014051210702492815,0.9991732101548165,77.0595703125,73.18419647216797
1759,True,0.036856141134947284,0.011567706312947503,0.999253627980053,77.1080627441406,73.02592086791992
1760,True,0.03979807429069663,0.011763739014329463,0.9991384927662206,76.99794006347656,73.03841400146484
1761,True,0.04335427939232778,0.011933134847373081,0.998988491801125,76.86480712890625,73.04920959472656
1762,True,0.04503134595927939,0.01116450606061074,0.9989231860786485,76.8020324707031,73.00022506713867
1763,True,0.04431845807908153,0.010501580115326248,0.9989622570891125,76.8287353515625,72.95797729492188
1764,True,0.04767533854876068,0.011844007541557735,0.9987926619572336,76.70301818847656,73.04352951049805
1765,True,0.04899012881506994,0.012061468423883719,0.9987264331428013,76.6537780761719,73.05738830566406
1766,True,0.04951972957734899,0.012210871441634458,0.9986984985475957,76.6339416503906,73.06690979003906
1767,True,0.05012070950106975,0.011521137257488332,0.9986767133939809,76.6114501953125,73.02295303344727
1768,True,0.05073145473625018,0.01151580994749275,0.9986459360662301,76.58857727050781,73.02261352539062
1769,True,0.05009597833476798,0.011306667880326278,0.9986804054431659,76.61238098144531,73.00928497314452
1770,True,0.04980067158360458,0.011145650896983583,0.9986969848637296,76.6234436035156,72.9990234375
1771,True,0.04991353024377288,0.010395272095565252,0.9986994431843161,76.6192321777344,72.95120239257812
1772,True,0.04968461987699231,0.011016358239992585,0.99870419965013,76.62779235839844,72.99078369140625
1773,True,0.04939720410851591,0.00974119988682121,0.9987317083436505,76.6385803222656,72.90951919555664
1774,True,0.049652534755035636,0.010038995720045237,0.9987160979764634,76.62901306152344,72.92849731445312
1775,True,0.0494683726929504,0.010021636791134818,0.9987254111612149,76.63591003417969,72.9273910522461
1776,True,0.0510293295021343,0.009939690634309679,0.9986476906700665,76.57745361328125,72.92216873168945
1777,True,0.0515067910599961,0.010012837608774717,0.9986224479540415,76.5595703125,72.92683029174805
1778,True,0.053307959738677205,0.011990537810170203,0.998506128389567,76.4920654296875,73.0528678894043
1779,True,0.06268995976284995,0.017755381723113133,0.9978751000825699,76.1403503417969,73.4202766418457
1780,True,0.08168320277774435,0.027198668017005347,0.9962871507964312,75.42735290527344,74.02220916748047
1781,True,0.10340160251908448,0.03286736992366528,0.9940964966193102,74.61058044433594,74.38361358642578
1782,True,0.12282877792704487,0.03650211800007591,0.9917563645847992,73.8782958984375,74.6153793334961
1783,True,0.14187524066277168,0.04118404815305423,0.989027446669003,73.15814208984375,74.9139633178711
1784,True,0.16364880182723035,0.041583818890227955,0.9856418495919381,72.3332824707031,74.93946075439453
1785,True,0.18001360671476016,0.049295789401836654,0.9824281279283453,71.7090148925781,75.4314193725586
1786,True,0.1959524384504258,0.05331592393364906,0.9791629354302752,71.09974670410156,75.68794250488281
1787,True,0.21548512060340388,0.05782703633111943,0.9747934123021635,70.35003662109375,75.97586059570312
1788,True,0.23047128036504974,0.06090768579049644,0.971171067700506,69.77241516113281,76.17252349853516
1789,True,0.24490331755765074,0.06312570178837584,0.9674903156223227,69.21430969238281,76.31414031982422
1790,True,0.25413664182495393,0.06528809275626234,0.9649621921226681,68.8555603027344,76.45222473144531
1791,True,0.25618220269695935,0.0678288291985889,0.9642457824387322,68.7745666503906,76.61449432373047
1792,True,0.25823800817049125,0.07179273083053815,0.963410055446813,68.6920166015625,76.86771392822266
1793,True,0.25775708645997425,0.07253856951926424,0.9634829735453369,68.71014404296875,76.91536712646484
1794,True,0.2576386173214457,0.07183165968697702,0.9635676185568443,68.71525573730469,76.87020111083984
1795,True,0.25722423415845436,0.07095919727182932,0.9637429562306198,68.7319641113281,76.81446075439453
1796,True,0.2562332424393829,0.0709390151118797,0.9640083929115747,68.77043151855469,76.81317138671875
1797,True,0.25755929426550855,0.07082628109278392,0.9636632440038476,68.71905517578125,76.80596923828125
1798,True,0.25732742751999627,0.07228649823235057,0.9636167584777909,68.72700500488281,76.89926147460938
1799,True,0.257216301356478,0.0722373014023789,0.9636501162779961,68.7313537597656,76.8961181640625
1800,True,0.25792022595403574,0.07137895571688355,0.9635259216671788,68.70465087890625,76.84127807617188
1801,True,0.25722422759081315,0.07155712532781058,0.9636987467850778,68.7315368652344,76.8526611328125
1802,True,0.25595816300625535,0.07201686878951662,0.9640015505175377,68.78033447265625,76.88203430175781
1803,True,0.2562952665142403,0.07220374715295952,0.9638980004437534,68.7671203613281,76.89397430419922
1804,True,0.25585999404250476,0.07243193831721566,0.9639965133547841,68.7838439941406,76.90855407714842
1805,True,0.25544534123763685,0.0723103801252443,0.9641155981344405,68.8000183105469,76.90078735351562
1806,True,0.2555391604855632,0.07253188270452053,0.9640740964519642,68.79621887207031,76.9149398803711
1807,True,0.25554557888150065,0.07239838454257688,0.9640824295825248,68.79606628417969,76.90641021728516
1808,True,0.25540391011102104,0.0721052333152047,0.9641419387354548,68.80177307128906,76.88768005371092
1809,True,0.2543500753837948,0.0727160077326195,0.9643746270882947,68.84220886230469,76.92670440673828
1810,True,0.2543882999014064,0.07275505338332423,0.9643615997541907,68.8406982421875,76.92919921875
1811,True,0.2544277931082256,0.07266239440987263,0.9643581671415978,68.8392333984375,76.92327880859375
1812,True,0.25417013999275845,0.07299756377861442,0.9644007961519155,68.84898376464844,76.94469451904297
1813,True,0.25418664355511644,0.07297762340162943,0.9643979555768636,68.8483581542969,76.94342041015625
1814,True,0.25436102371208347,0.07282538303549825,0.9643634860372274,68.8417053222656,76.9336929321289
1815,True,0.253910950460537,0.07299183241576233,0.9644695026991865,68.8590393066406,76.94432830810547
1816,True,0.2540125943060851,0.07262525900086618,0.9644704109971179,68.85536193847656,76.92090606689453
1817,True,0.25378401666003014,0.07241020598854421,0.9645467510476609,68.8643798828125,76.90716552734375
1818,True,0.2532031547752998,0.07245223771403267,0.9646962400994755,68.8868713378906,76.90985107421875
1819,True,0.25383114121480493,0.07252185247629199,0.9645259626692256,68.86247253417969,76.91429901123047
1820,True,0.2547195302802506,0.07239683223073475,0.964301124948407,68.82810974121094,76.90631103515625
1821,True,0.2547729975997863,0.07267409622206529,0.9642661434647207,68.8258361816406,76.92402648925781
1822,True,0.2547578856314632,0.07253474848266708,0.964280628225592,68.82652282714844,76.91512298583984
1823,True,0.2544256428793503,0.07258752645643543,0.9643643726560855,68.83937072753906,76.91849517822266
1824,True,0.25462958317147694,0.07279123319866505,0.9642951891113725,68.83131408691406,76.93151092529297
1825,True,0.25480945700714985,0.07253283796396924,0.9642671455756512,68.82452392578125,76.91500091552734
1826,True,0.25484216639097296,0.07261439299397904,0.9642523633153677,68.82319641113281,76.92021179199219
1827,True,0.2542868189005936,0.07264770742735287,0.9643964559966852,68.84471130371094,76.9223403930664
1828,True,0.25425412186800805,0.07239516051009327,0.9644240676423655,68.8461608886719,76.90620422363281
1829,True,0.2541894945175936,0.07223013680082546,0.9644534764386639,68.8487854003906,76.89566040039062
1830,True,0.2540717327074349,0.07217210339091162,0.9644888501849949,68.8533935546875,76.89195251464842
1831,True,0.2541427154924834,0.07212099557654177,0.9644739717375245,68.8506774902344,76.88868713378906
1832,True,0.25311698783037645,0.07182891317615266,0.9647654625366777,68.8906555175781,76.87002563476562
1833,True,0.252683277181936,0.07176048905682308,0.964884238467456,68.90751647949219,76.86565399169922
1834,True,0.252676845021687,0.07187572319920191,0.9648773457826015,68.9076843261719,76.87301635742188
1835,True,0.25285155313507535,0.07203012350442235,0.9648200626982825,68.90080261230469,76.88288116455078
1836,True,0.25238685756951645,0.07173815859922314,0.9649634763694309,68.91902160644531,76.86422729492188
1837,True,0.2523590471751311,0.07153539162343249,0.9649858025142868,68.92024230957031,76.85127258300781
1838,True,0.2520350941042313,0.07153145089317677,0.9650707553713294,68.93280029296875,76.85102081298828
1839,True,0.2520544695421789,0.07167880956122853,0.9650547614740295,68.93194580078125,76.86043548583984
1840,True,0.25229169397297324,0.07177541581323697,0.964985590999723,68.92268371582031,76.86660766601562
1841,True,0.2523518857546052,0.07169122869682214,0.9649761103177812,68.92041015625,76.8612289428711
1842,True,0.25258976556812157,0.07162089325333013,0.9649190940072833,68.91123962402344,76.85673522949219
1843,True,0.2529025640189431,0.07147783296756394,0.9648477664931941,68.89921569824219,76.84759521484375
1844,True,0.2525831184981124,0.07192086128578497,0.9648985221056561,68.9112854003906,76.87590026855469
1845,True,0.2528706777679368,0.07225366056195286,0.9647983358508567,68.89990234375,76.89716339111328
1846,True,0.25228246075829963,0.07091477259733528,0.9650516333446648,68.92364501953125,76.8116226196289
1847,True,0.2462154337653125,0.07086795934727423,0.966620759405524,69.15861511230469,76.80863189697266
1848,True,0.23092758891921406,0.07302335488161354,0.9702267973612111,69.7475891113281,76.94634246826172
1849,True,0.21048634908105038,0.07159617426075181,0.9749715301903713,70.53450012207031,76.85515594482422
1850,True,0.18571799808235057,0.06999591471976954,0.9801068294379071,71.48295593261719,76.75292205810547
1851,True,0.17284861256347064,0.06881387578931966,0.9825416060573391,71.9739990234375,76.67741394042969
1852,True,0.16742374268689375,0.06568089630154117,0.9836947241119771,72.18174743652344,76.47731018066406
1853,True,0.16496089719844034,0.06405382604214949,0.9842179686252673,72.2760314941406,76.37340545654297
1854,True,0.16606153010543373,0.06294336815685805,0.9841045171241276,72.2346496582031,76.30249786376953
1855,True,0.16653079389774592,0.06156074292227829,0.9841126813605461,72.21736145019531,76.21421813964842
1856,True,0.16596592292086812,0.06256423652789313,0.9841448210180788,72.2384338378906,76.27828979492188
1857,True,0.16555627968822983,0.06280392810976439,0.984198549516192,72.25390625,76.29359436035156
1858,True,0.16400164879396642,0.062812889589272,0.9844582266883173,72.31297302246094,76.2941665649414
1859,True,0.1641575300744224,0.06265289654724239,0.9844424411178673,72.30711364746094,76.28395080566406
1860,True,0.16270433191565742,0.06252671717961289,0.9846916827183118,72.36236572265625,76.27589416503906
1861,True,0.1621539826476217,0.06208591797839245,0.9848103496106725,72.38343811035156,76.24774932861328
1862,True,0.16108946743386884,0.06177487779862723,0.9850045928597679,72.4239807128906,76.22789001464842
1863,True,0.16055610244424706,0.06170126925510242,0.985096285314396,72.44425964355469,76.22319030761719
1864,True,0.16127372515055197,0.06239384540159834,0.9849354261229848,72.416748046875,76.26741027832031
1865,True,0.1607697539954544,0.06267763045368205,0.9849997973811734,72.43577575683594,76.28553009033203
1866,True,0.15986160656590945,0.06278516872960148,0.9851407459514411,72.47021484375,76.29239654541016
1867,True,0.16006991560711883,0.06225320563332442,0.9851406805659306,72.46250915527344,76.25843048095703
1868,True,0.15981879294770832,0.0624059138372035,0.9851717897599794,72.47198486328125,76.26818084716797
1869,True,0.1596355957309436,0.06235716208093473,0.985204578203349,72.47895812988281,76.26506805419922
1870,True,0.1592927454043293,0.062355489223912014,0.9852601759054296,72.4919738769531,76.26496124267578
1871,True,0.15887145542918762,0.06227614780401854,0.9853332137223954,72.50799560546875,76.25989532470703
1872,True,0.15798507551618043,0.0626329421115861,0.9854531092226526,72.54150390625,76.28267669677734
1873,True,0.1582676312382454,0.06292257768786656,0.9853893170312682,72.5306701660156,76.3011703491211
1874,True,0.15844935867142967,0.06316130797922054,0.9853448380698844,72.523681640625,76.31641387939453
1875,True,0.1588988094896172,0.06291839569367848,0.9852880004476438,72.5067138671875,76.3009033203125
1876,True,0.15928562088031303,0.06294623580561001,0.9852237625933907,72.49201965332031,76.30268096923828
1877,True,0.15938874901928696,0.06288350587054611,0.9852110897546249,72.4881286621094,76.29867553710938
1878,True,0.1593789667935745,0.0627770436408626,0.9852194617117171,72.48854064941406,76.29187774658203
1879,True,0.1596325735946927,0.06281874441981514,0.9851757441172885,72.47889709472656,76.29454040527342
1880,True,0.15948014780792458,0.06278791692043906,0.985202395421344,72.48469543457031,76.29257202148438
1881,True,0.1595409072890285,0.0629409784491678,0.985182791228742,72.4823303222656,76.3023452758789
1882,True,0.15949906224792837,0.06274561862613794,0.9852020282588007,72.48399353027344,76.28987121582031
1883,True,0.15962136127762108,0.06277465390808873,0.9851803712268119,72.4793395996094,76.2917251586914
1884,True,0.15941702728367135,0.062909314788209,0.9852048667789433,72.48704528808594,76.30032348632812
1885,True,0.15955140580797267,0.06305568401099008,0.9851737560545378,72.48188781738281,76.3096694946289
1886,True,0.15948088709024055,0.06299391038995422,0.9851891259584082,72.4845886230469,76.30572509765625
1887,True,0.1595706750456722,0.06297837733314325,0.9851755801145057,72.48118591308594,76.30473327636719
1888,True,0.15957738609392907,0.06299044532475706,0.9851737215563648,72.4809265136719,76.30550384521484
1889,True,0.15954152871570113,0.06311829377883911,0.9851713463177384,72.48223876953125,76.31366729736328
1890,True,0.15958242081464347,0.06292962733271118,0.9851767927487453,72.48075866699219,76.30162048339842
1891,True,0.15974790357434002,0.06298040857990103,0.9851467278729155,72.4744567871094,76.30486297607422
1892,True,0.15921722493533644,0.06315198824575856,0.9852216510331561,72.4945373535156,76.3158187866211
1893,True,0.15903795865636755,0.06315139082675907,0.9852506430056575,72.5013427734375,76.31578063964842
1894,True,0.15941586572521016,0.06306440637902834,0.9851951392506677,72.4870300292969,76.31022644042969
1895,True,0.15919458839902836,0.06284527035967738,0.9852449213357473,72.4955139160156,76.29623413085938
1896,True,0.16139078864327475,0.0642991102143353,0.9847937031514502,72.41156005859375,76.38906860351562
1897,True,0.16663091772565253,0.06551173397514991,0.983840612075694,72.21195983886719,76.46650695800781
1898,True,0.17886929629791562,0.06904833259036383,0.9814469433486351,71.74458312988281,76.69239044189453
1899,True,0.191614905247388,0.07344149825297124,0.9787185879615209,71.2559814453125,76.97306060791016
1900,True,0.2049089235572416,0.07855068949960996,0.9756239655859978,70.74420166015625,77.29959106445312
1901,True,0.21239281879915226,0.08176241930190922,0.9737577713746111,70.4549560546875,77.50492095947266
1902,True,0.21439805652600324,0.08286538086758534,0.9732249493367618,70.3771667480469,77.57544708251953
1903,True,0.21510138041230922,0.08322975116698807,0.9730386450010092,70.3498840332031,77.59874725341797
1904,True,0.21492967964189802,0.08313072562930746,0.9730850503760582,70.35655212402344,77.59241485595703
1905,True,0.214640728285666,0.08275012587103567,0.9731812649395418,70.367919921875,77.56807708740234
1906,True,0.21326180021022406,0.08240292245942922,0.9735138226760007,70.421142578125,77.5458755493164
1907,True,0.21342552957451077,0.08244229654578024,0.973474607304216,70.4148254394531,77.54839324951172
1908,True,0.2140508001525721,0.08292193415628336,0.9732965672341728,70.3904724121094,77.57906341552734
1909,True,0.21428945740732974,0.08303193788947996,0.9732346714613027,70.3812255859375,77.58609771728516
1910,True,0.2140177172019368,0.08299554848011235,0.9732975678877231,70.3916931152344,77.58377075195312
1911,True,0.21421228213942992,0.08279582234275504,0.9732717760128485,70.38435363769531,77.57099914550781
1912,True,0.2140789105631133,0.08272638272695935,0.9733070253794653,70.3895263671875,77.56655883789062
1913,True,0.21468459177091592,0.08282827508380067,0.973164941262681,70.3661804199219,77.57307434082031
1914,True,0.21448699563504303,0.08277661314216478,0.9732129063160668,70.3738098144531,77.56977081298828
1915,True,0.2134463565515072,0.08285726771566893,0.9734348083264647,70.41374206542969,77.5749282836914
1916,True,0.21430444256555453,0.0826378526000163,0.9732649131733481,70.38092041015625,77.56089782714842
1917,True,0.21396504545999812,0.08256459402340968,0.9733458003890757,70.3940124511719,77.55621337890625
1918,True,0.2138717858647379,0.08253882217048623,0.9733684821514083,70.3976135253906,77.5545654296875
1919,True,0.21336336282706594,0.0824989711411029,0.9734834334305774,70.41717529296875,77.55201721191406
1920,True,0.21369463346295198,0.08260790492964205,0.9734015295202025,70.40437316894531,77.5589828491211
1921,True,0.21376406301462536,0.08272328060416416,0.9733764863656632,70.40162658691406,77.56636047363281
1922,True,0.21363933011056116,0.08279224299093957,0.9733980075644494,70.4063720703125,77.57077026367188
1923,True,0.21367422819038454,0.08279498716076031,0.9733901141414438,70.405029296875,77.5709457397461
1924,True,0.2140782870504866,0.08276134120919097,0.9733041905872929,70.3895263671875,77.56879425048828
1925,True,0.21420868929017936,0.08279689614809142,0.9732724754254719,70.3844909667969,77.5710678100586
1926,True,0.21458863305403966,0.08282135502138561,0.9731866941735385,70.369873046875,77.5726318359375
1927,True,0.21460920857803775,0.08275871634375366,0.9731874857716997,70.36912536621094,77.5686264038086
1928,True,0.21467266830685355,0.08274022295735617,0.9731750618398433,70.36669921875,77.56744384765625
1929,True,0.21517469683388316,0.08279522578419331,0.9730595050816733,70.34736633300781,77.57096099853516
1930,True,0.21528553027915312,0.08274678512998475,0.9730391102124704,70.3431396484375,77.56786346435547
1931,True,0.21540410815794173,0.0825983598397409,0.9730254781558736,70.33868408203125,77.5583724975586
1932,True,0.2154755756017235,0.08279677683639212,0.9729927903456482,70.33580017089844,77.57106018066406
1933,True,0.2158977927615637,0.08256101460269394,0.9729192268366674,70.3197326660156,77.55598449707031
1934,True,0.21601725527471088,0.08251746489869191,0.9728964042539543,70.31517028808594,77.5531997680664
1935,True,0.21604779518224024,0.08243024570271139,0.9728970165388953,70.3140563964844,77.54762268066406
1936,True,0.2160242676513524,0.08228121992504633,0.9729148557984625,70.3150634765625,77.53809356689453
1937,True,0.21635919216629781,0.08237369009999995,0.9728326038658738,70.3021240234375,77.54400634765625
1938,True,0.22160555015378078,0.08309326274195011,0.9715896715321429,70.09979248046875,77.59001922607422
1939,True,0.22731657892328003,0.08376865041413781,0.9702113100528205,69.8793029785156,77.63320922851562
1940,True,0.234782931690214,0.08589668569140803,0.9682451829852704,69.5895690917969,77.7693099975586
1941,True,0.23923074669651279,0.08599330231766204,0.967147249280859,69.41758728027344,77.7754898071289
1942,True,0.23819157722729398,0.086513586815411,0.9673573134236937,69.45735168457031,77.80876922607422
1943,True,0.2369274116516055,0.0868502920696649,0.9676375501061771,69.5059509277344,77.83030700683592
1944,True,0.23666183425482618,0.08609790977770936,0.9677697691801758,69.5168151855469,77.78218078613281
1945,True,0.23623370584636694,0.08542611540662012,0.9679338898027215,69.53388977050781,77.73921203613281
1946,True,0.2352069182171817,0.08571454326284421,0.968158418181662,69.5733337402344,77.75765991210938
1947,True,0.23538466873675004,0.08551951528644856,0.9681324652282153,69.5666198730469,77.74518585205078
1948,True,0.23601705645074592,0.08574841934740639,0.9679582416838791,69.54200744628906,77.75982666015625
1949,True,0.23616054617797616,0.08583823820431714,0.9679152820835607,69.53639221191406,77.76557159423828
1950,True,0.23625509399311398,0.08581056500533048,0.9678946623965703,69.53276062011719,77.76380157470703
1951,True,0.23646014653244998,0.08578563521335329,0.9678467977386161,69.52485656738281,77.76220703125
1952,True,0.23637105544874776,0.08585565320076458,0.967862351246041,69.52824401855469,77.76668548583984
1953,True,0.23657133335066527,0.0859286527633862,0.9678069388421214,69.52044677734375,77.77135467529297
1954,True,0.2364731182545374,0.08592364300421933,0.9678313860977329,69.52424621582031,77.77103424072266
1955,True,0.23682652741823498,0.08603767412693537,0.967734836895855,69.510498046875,77.77832794189453
1956,True,0.23730226358007223,0.08582571370435726,0.9676371130578403,69.4922790527344,77.7647705078125
1957,True,0.23683794634895142,0.08600069763105515,0.967735329093747,69.51008605957031,77.77596282958984
1958,True,0.23721064197882613,0.08607715535138542,0.9676372433193168,69.49562072753906,77.78085327148438
1959,True,0.23735296317730953,0.08625881495245459,0.9675861655242644,69.48997497558594,77.79247283935547
1960,True,0.2375296181928348,0.08622983071709703,0.9675453977853787,69.48316955566406,77.79061889648438
1961,True,0.23734314788162164,0.08644738961348993,0.9675717435842451,69.4902038574219,77.80453491210938
1962,True,0.23757221833769024,0.08632692165433263,0.9675262806104006,69.4814453125,77.79682922363281
1963,True,0.23738412217892113,0.08641303848259861,0.967564760270623,69.4886474609375,77.80233764648438
1964,True,0.237455635447738,0.08682894265059181,0.9675099771642105,69.48554992675781,77.82894134521484
1965,True,0.2366563324911076,0.08701488401651575,0.9676890979294179,69.51629638671875,77.84083557128906
1966,True,0.23665331240842727,0.08708429816921996,0.9676835922647928,69.516357421875,77.84527587890625
1967,True,0.23647901634629273,0.08690289018890619,0.9677425083691966,69.52323913574219,77.83367156982422
1968,True,0.2363068987384547,0.08688249502855985,0.9677863822488029,69.5299072265625,77.83236694335938
1969,True,0.2364576720663956,0.08638763289262033,0.9677938552213228,69.52447509765625,77.80071258544922
1970,True,0.23589558583967046,0.08656976468175356,0.9679147423323526,69.5460510253906,77.81236267089842
1971,True,0.23591542879082472,0.0863728427580277,0.9679274985722528,69.5454406738281,77.79976654052734
1972,True,0.23453312854044717,0.0862532089537791,0.9682740291685025,69.59893798828125,77.7921142578125
1973,True,0.23475699956794302,0.08623913430677142,0.9682210299657178,69.5903015136719,77.79121398925781
1974,True,0.23470883021732183,0.08631547116873517,0.9682259056929512,69.59210205078125,77.79609680175781
1975,True,0.23477508033258712,0.0863209578611735,0.9682093543695789,69.58953857421875,77.79644775390625
1976,True,0.23473499925718347,0.08654257033495713,0.9681992892186758,69.5909118652344,77.81062316894531
1977,True,0.2349469275806958,0.08639717490483431,0.968160869581525,69.58283996582031,77.80132293701172
1978,True,0.23480298517565745,0.08646313384746981,0.9681899011236765,69.5883483886719,77.8055419921875
1979,True,0.23482625088932524,0.08661938227108304,0.9681702921016735,69.58732604980469,77.81553649902342
1980,True,0.23493430240884933,0.08651227480250562,0.968153655087953,69.58323669433594,77.80868530273438
1981,True,0.23509505457969584,0.0864353428744253,0.9681215041586207,69.57708740234375,77.80376434326172
1982,True,0.23515839393579374,0.08642830566456937,0.9681067491457178,69.57464599609375,77.80331420898438
1983,True,0.23505044236140443,0.0864150661563728,0.9681341466382114,69.5788269042969,77.8024673461914
1984,True,0.23508282203674172,0.08633825285281245,0.9681331379916531,69.57763671875,77.79755401611328
1985,True,0.23527123628860808,0.0863568598492449,0.9680857080507943,69.5703430175781,77.79874420166016
1986,True,0.2351327106927958,0.08635161172509566,0.9681198311752199,69.57569885253906,77.79840850830078
1987,True,0.23501967621814696,0.0863164253763038,0.968150415225121,69.58009338378906,77.79615783691406
1988,True,0.23480251142447642,0.08658276546510861,0.9681793249977881,69.58827209472656,77.81319427490234
1989,True,0.23356192736117826,0.08651012787197312,0.9684858408169458,69.63624572753906,77.80854797363281
1990,True,0.23255589963568105,0.08625237401757248,0.9687508872362244,69.67529296875,77.79206085205078
1991,True,0.2302818884348575,0.0860549695440079,0.9693115051806904,69.7632141113281,77.77943420410156
1992,True,0.22032861993618627,0.08594535194491702,0.9716319754495938,70.1468811035156,77.77242279052734
1993,True,0.2033614660070997,0.08328761510683622,0.9755548612524355,70.8005065917969,77.60244750976562
1994,True,0.1749079093690765,0.07825516840884293,0.9814699953933603,71.89094543457031,77.28070068359375
1995,True,0.1600210803212341,0.07288711521614641,0.9844189770053671,72.45997619628906,76.93763732910156
1996,True,0.15437639896379196,0.06495979297848252,0.9858743087935525,72.67755126953125,76.43125915527342
1997,True,0.14648243828684143,0.06303811977580599,0.9872026594011347,72.97752380371094,76.30854797363281
1998,True,0.13273295033464522,0.06475442283731163,0.9890342909214358,73.49736022949219,76.41814422607422
1999,True,0.11549196249371935,0.07176335499530129,0.9907126866449061,74.1465148925781,76.86583709716797
2000,True,0.10831378776827198,0.08181850047659808,0.9907440922655307,74.4142150878906,77.50850677490234
2001,True,0.10069471801549817,0.09797948002551779,0.9900811053937493,74.69615173339844,78.54257202148438
2002,False,0.026770921061072674,0.08396287243820547,0.9961092077867102,77.48199462890625,77.6456298828125
2003,False,0.04129876893522644,0.07344543843476341,0.9964437662294647,76.93768310546875,76.97331237792969
2004,False,0.025888595696765482,0.05745555661876489,0.998012344425898,77.51695251464844,75.9521484375
2005,False,0.035439620521463884,0.05716307648352861,0.9977356443388362,77.15899658203125,75.93347930908203
2006,False,0.04416821251957987,0.06513696582298839,0.9968983622647798,76.8309326171875,76.44257354736328
2007,False,0.09577392210571122,0.07320329422648948,0.9927077281651832,74.88970947265625,76.95783996582031
2008,False,0.11774462962782009,0.08676739885069369,0.9892459859360017,74.05613708496094,77.82500457763672
2009,False,0.11660683047049901,0.089877565066235,0.989103063581035,74.0979309082031,78.02397918701172
2010,False,0.09955294775554102,0.08396907603755085,0.9914829322094165,74.7441101074219,77.64602661132812
2011,False,0.06755750240370446,0.0634423311973874,0.9956962661782028,75.95317077636719,76.33435821533203
2012,False,0.01538439509599375,0.06150673077567285,0.9979880973522777,77.91041564941406,76.21076965332031
2013,False,0.006203328857170913,0.060268465187118286,0.9981629279907559,78.2544860839844,76.1317138671875
2014,False,-0.009273752562302956,0.07541956282297027,0.9971087639054254,78.83476257324219,77.0994644165039
2015,False,-0.03117986627892883,0.08885910449554589,0.9955560634575422,79.65789794921875,77.95881652832031
2016,False,-0.04100313681956634,0.08576583447906073,0.9954712273125057,80.0265808105469,77.76094055175781
2017,False,-0.024713363130328146,0.07647569101574571,0.9967651269815034,79.4140319824219,77.16696166992188
2018,True,-0.023630529392547513,0.07058946505521696,0.9972255138652673,79.3730163574219,76.79084014892578
2019,False,-0.036191764630647404,0.054677696361410594,0.9978479371595299,79.84284973144531,75.77484893798828
2020,False,-0.03201867787511111,0.04852976332291458,0.9983084024182867,79.6860656738281,75.3825454711914
2021,True,0.013273835863913262,0.04166109277919676,0.9990436219854972,77.9900207519531,74.94438934326172
2022,True,0.02113651648304103,0.031734306590371575,0.9992728263373274,77.69593811035156,74.31137084960938
2023,True,0.007556409824537613,0.010736522810577768,0.9999138101599065,78.20428466796875,72.97294998168945
2024,True,0.0035346357224969164,-0.002048344760442306,0.9999916552822087,78.35472106933594,72.1582145690918
2025,True,-0.004599836284878507,-0.00918453243490288,0.9999472415433249,78.6589660644531,71.70344924926758
2026,True,-0.008894566680047213,-0.014808396899189542,0.9998507879002998,78.81962585449219,71.34503936767578
2027,True,-0.01045732189432131,-0.01706542277713645,0.9997996878196332,78.87809753417969,71.20119094848633
2028,True,-0.006169240358268948,-0.01869973624647321,0.9998061113724571,78.71769714355469,71.09702682495117
2029,True,-0.003583407519477805,-0.020635039347709543,0.9997806531143058,78.6209716796875,70.97367477416992
2030,True,-0.002171226151627583,-0.022019198495561474,0.9997551903714287,78.5681457519531,70.88544845581055
2031,True,-0.004608244755614106,-0.022519934502189417,0.9997357734072985,78.65931701660156,70.85353088378906
2032,True,-0.006140987885132376,-0.025498315964251988,0.9996560029083914,78.7166748046875,70.66367721557617
2033,True,-0.006694465601428308,-0.02756023343088221,0.9995977279203603,78.7373962402344,70.53223419189452
2034,True,-0.009249368988512504,-0.02769074128735909,0.9995737451635427,78.83299255371094,70.5239143371582
2035,True,-0.00969651822682758,-0.02846953000096466,0.9995476293783109,78.8497314453125,70.4742660522461
2036,True,-0.010211909919828777,-0.028672975627101926,0.9995366813501528,78.8690185546875,70.46129608154297
2037,True,-0.011099157648087003,-0.028983766443483244,0.9995182589539084,78.9022216796875,70.44148254394531
2038,True,-0.010536374029018974,-0.026330528667349296,0.999597763143965,78.8811340332031,70.61062622070312
2039,True,-0.013171749946767732,-0.025998471551511936,0.9995752020134978,78.979736328125,70.63179397583008
2040,True,-0.012761994085274975,-0.02572553508849148,0.9995875791302021,78.96440124511719,70.6491928100586
2041,True,-0.014012810377154097,-0.025529373910417957,0.9995758561575384,79.0111999511719,70.66169738769531
2042,True,-0.015094120669688417,-0.023832820765999248,0.9996020028869212,79.0516357421875,70.76984405517578
2043,True,-0.015729305124507667,-0.024336827115592097,0.9995800657307277,79.0754089355469,70.73771667480469
2044,True,-0.01531844476923455,-0.023763640601404856,0.9996002374125466,79.0600280761719,70.77425384521484
2045,True,-0.017062670059063218,-0.02268445141592981,0.9995970592966017,79.1252746582031,70.84304428100586
2046,True,-0.015511859390670997,-0.021104789035010316,0.9996569261991994,79.0672302246094,70.94373321533202
2047,True,-0.01747584220834797,-0.020365061379627306,0.9996398647583602,79.14070129394531,70.99088287353516
2048,True,-0.017484880497894286,-0.020178990573259947,0.9996434800934874,79.14103698730469,71.00274276733398
2049,True,-0.01731927794573729,-0.02024129354926648,0.9996451033476285,79.13484191894531,70.99877166748047
2050,True,-0.01609079453585177,-0.01918751899798151,0.9996864135547242,79.0888671875,71.06593704223633
2051,True,-0.016797214937987946,-0.01910636183781753,0.9996763478784768,79.11529541015625,71.07110977172852
2052,True,-0.015233564213661252,-0.01891603703130973,0.9997050175248589,79.0567932128906,71.0832405090332
2053,True,-0.01484523485126158,-0.01908122463875557,0.9997077202205134,79.0422668457031,71.07271194458008
2054,True,-0.015496824415986163,-0.018250313815766785,0.9997133461541093,79.06663513183594,71.12567138671875
2055,True,-0.016170375572339114,-0.017650479667181675,0.9997134487048616,79.0918273925781,71.16390228271484
2056,True,-0.016444903604622484,-0.0175214384758237,0.9997112404785556,79.10209655761719,71.17212677001952
2057,True,-0.016348661738880322,-0.017474274924779435,0.9997136444878608,79.09849548339844,71.17513275146484
2058,True,-0.015527073903844581,-0.016487482581154515,0.9997435035518463,79.0677490234375,71.2380256652832
2059,True,-0.015104495644126135,-0.01656301733559684,0.999748728765422,79.05194091796875,71.23321151733398
2060,True,-0.015259570179468034,-0.016237115921931753,0.9997517199707514,79.0577392578125,71.25398254394531
2061,True,-0.016244609513502997,-0.0161543384823711,0.9997375405624972,79.09458923339844,71.25925827026367
2062,True,-0.01718224057092258,-0.01484718281337785,0.9997421326379463,79.12965393066406,71.34256744384766
2063,True,-0.01738581519822723,-0.0146684561783153,0.9997412514362093,79.13726806640625,71.35395812988281
2064,True,-0.017092971477291923,-0.014627395672638087,0.9997469027818553,79.1263122558594,71.35657501220702
2065,True,-0.017749466227272054,-0.01372908631248048,0.9997482026178748,79.15086364746094,71.41382598876952
2066,True,-0.01700530178178705,-0.012775458483353186,0.9997737780977507,79.1230163574219,71.47460174560547
2067,True,-0.016776770090768157,-0.013299260952148713,0.9997708085573654,79.1144714355469,71.44121932983398
2068,True,-0.017174174464712408,-0.01274008328291033,0.9997713428626569,79.12933349609375,71.47685623168945
2069,True,-0.01710732657139162,-0.012529926731038785,0.9997751448769341,79.1268310546875,71.49024963378906
2070,True,-0.016544128626076345,-0.012051430954003265,0.9997905054660025,79.10575866699219,71.52074432373047
2071,True,-0.017673305244156643,-0.011387194774637803,0.9997789686110182,79.14799499511719,71.56307601928711
2072,True,-0.01764360726200389,-0.010992553363031848,0.9997839100992498,79.1468811035156,71.58822631835938
2073,True,-0.017922619500121674,-0.010913780503614393,0.9997798103109369,79.1573181152344,71.59324645996094
2074,True,-0.01857783663305658,-0.010143287458975723,0.9997759637566608,79.18182373046875,71.64234924316406
2075,True,-0.019233702483209405,-0.010213082220566261,0.9997628507002765,79.20635986328125,71.63790130615234
2076,True,-0.021754220179952533,-0.010790593024038021,0.9997051150247015,79.3006591796875,71.6010971069336
2077,True,-0.02309685262664161,-0.012385073416081088,0.9996565136861869,79.35090637207031,71.49948120117188
2078,True,-0.01965823971153725,-0.012352212028599173,0.9997304519066348,79.2222595214844,71.5015754699707
2079,True,-0.017529470764130285,-0.012610613505041016,0.9997668178539214,79.14262390136719,71.485107421875
2080,True,-0.017230516594991082,-0.012492157152234206,0.9997735020031056,79.1314392089844,71.49265670776367
2081,True,-0.01647433437869538,-0.012272901703380443,0.999788963827146,79.1031494140625,71.50662994384766
2082,True,-0.016079681972910684,-0.01127262743425754,0.9998071672569557,79.08837890625,71.57037734985352
2083,True,-0.017029471841527335,-0.010149632439349236,0.9998034717133887,79.1239013671875,71.6419448852539
2084,True,-0.016680283631725402,-0.010299876665959534,0.9998078218730995,79.11083984375,71.63236999511719
2085,True,-0.01580405542941251,-0.010608684683112296,0.9998188274088853,79.07806396484375,71.61268997192383
2086,True,-0.016989588116305614,-0.00961120555418408,0.9998094711610975,79.1224060058594,71.6762580871582
2087,True,-0.01702472582404641,-0.009248760974836803,0.9998122919483668,79.12371826171875,71.69935607910156
2088,True,-0.017108740971704558,-0.009328852055023183,0.99981011372245,79.1268615722656,71.69425201416016
2089,True,-0.017029255734238177,-0.008971733974135436,0.9998147390585095,79.12388610839844,71.71701049804688
2090,True,-0.0185046043611508,-0.009089237085039014,0.9997874601067216,79.1790771484375,71.70952224731445
2091,True,-0.018157076052158064,-0.009106237015335339,0.9997936772337864,79.16607666015625,71.70843887329102
2092,True,-0.01855108936707276,-0.009176092335034056,0.999785805266685,79.1808166503906,71.70398712158202
2093,True,-0.018800325132162506,-0.00909193073614152,0.999781918505438,79.19013977050781,71.7093505859375
2094,True,-0.017694585537662295,-0.008697699241018255,0.9998056069409509,79.1487731933594,71.7344741821289
2095,True,-0.017562430896971046,-0.008664417564055081,0.9998082260560096,79.1438293457031,71.7365951538086
2096,True,-0.017424588740604114,-0.00847334703257749,0.9998122754283858,79.138671875,71.74877166748047
2097,True,-0.018113109564360377,-0.008567804872013514,0.9997992338372662,79.1644287109375,71.74275207519531
2098,True,-0.017988349675311207,-0.008190870954683224,0.9998046453727661,79.1597595214844,71.76677322387695
2099,True,-0.01745729019583532,-0.007991479202457286,0.9998156726513019,79.139892578125,71.77947998046875
2100,True,-0.017826867027655333,-0.007871101739898835,0.999810106254872,79.1537170410156,71.78715133666992
2101,True,-0.01742875953726642,-0.007827344414110588,0.9998174688513973,79.1388244628906,71.7899398803711
2102,True,-0.018055258471593706,-0.008100303681119117,0.9998041771876119,79.1622619628906,71.77254486083984
2103,True,-0.0172932681513697,-0.008306579078770585,0.9998159548740222,79.1337585449219,71.7593994140625
2104,True,-0.017507812566504223,-0.008393734219421849,0.9998114930950683,79.14178466796875,71.75384521484375
2105,True,-0.01758859122087998,-0.008297959336145485,0.999810874780686,79.1448059082031,71.75994873046875
2106,True,-0.017667823938580997,-0.007586948225100068,0.9998151260177578,79.14776611328125,71.80525970458984
2107,True,-0.01731820557628214,-0.007913003405734758,0.9998187156343485,79.13468933105469,71.78448104858398
2108,True,-0.017157098718618,-0.0077947808130944905,0.9998224219108288,79.128662109375,71.7920150756836
2109,True,-0.016997968234975378,-0.008139152440485695,0.9998223958651022,79.1227111816406,71.77006912231445
2110,True,-0.017341448213539754,-0.007970767822270873,0.9998178539284946,79.13555908203125,71.78079986572266
2111,True,-0.017404273391388118,-0.007913901298422305,0.9998172140116196,79.1379089355469,71.784423828125
2112,True,-0.017254988301126834,-0.007853682614744475,0.9998202763737665,79.13232421875,71.78826141357422
2113,True,-0.017054295555956042,-0.007873915137895746,0.9998235606663264,79.12481689453125,71.78697204589844
2114,True,-0.0171823351787784,-0.008186261782430218,0.9998188598320366,79.1296081542969,71.7670669555664
2115,True,-0.017167633099403327,-0.008309751622775856,0.9998180936559069,79.1290588378906,71.75919723510742
2116,True,-0.01736423687587789,-0.008351832717411202,0.9998143478506292,79.13641357421875,71.75651550292969
2117,True,-0.017678360876541444,-0.008081926836909102,0.999811061158718,79.1481628417969,71.77371597290039
2118,True,-0.01806835483634643,-0.007796816038400525,0.9998063533570744,79.1627502441406,71.79188537597656
2119,True,-0.01787788848153641,-0.007627413351731237,0.9998110839898724,79.15562438964844,71.80268096923828
2120,True,-0.018199296249141128,-0.007757188998703438,0.9998042866655826,79.16764831542969,71.7944107055664
2121,True,-0.01785301336096689,-0.00757647278348652,0.9998119157992139,79.1546936035156,71.80592727661133
2122,True,-0.0178346117092776,-0.007909830851520997,0.9998096624863553,79.15400695800781,71.78468322753906
2123,True,-0.017953285467476918,-0.008087134607369819,0.9998061201026756,79.158447265625,71.77338409423828
2124,True,-0.017876597407946573,-0.008106409342108165,0.9998073381370495,79.15557861328125,71.77215576171875
2125,True,-0.018165368579038253,-0.008252406380520712,0.9998009387739735,79.1663818359375,71.76285171508789
2126,True,-0.018482629591398198,-0.008777790719039922,0.9997906494829205,79.1782531738281,71.7293701171875
2127,True,-0.01789853668197944,-0.008687583048858118,0.9998020645534861,79.1564025878906,71.7351188659668
2128,True,-0.018642449508005927,-0.009220088593116169,0.9997837011287375,79.1842346191406,71.7011833190918
2129,True,-0.01931699159142674,-0.00979311574626156,0.999765446852329,79.20947265625,71.66466522216797
2130,True,-0.019007879812853713,-0.009438453428654844,0.9997747826895292,79.1979064941406,71.6872673034668
2131,True,-0.018636288925608504,-0.009462576490250167,0.9997815503304947,79.18400573730469,71.68572998046875
2132,True,-0.01898745911836822,-0.009584209312183274,0.9997737840772225,79.1971435546875,71.677978515625
2133,True,-0.01925828296577649,-0.009650891812959935,0.9997679624915097,79.207275390625,71.6737289428711
2134,True,-0.019445932501125012,-0.009527583025803844,0.9997655129433342,79.21429443359375,71.68158721923828
2135,True,-0.019203667857693226,-0.009424626063327361,0.9997711716009707,79.2052307128906,71.68814849853516
2136,True,-0.01910170704317383,-0.009364767318213101,0.9997736873518489,79.201416015625,71.69196319580078
2137,True,-0.018909990824185343,-0.009415707112441258,0.999776853456111,79.1942443847656,71.68871688842773
2138,True,-0.01809344664062446,-0.009092589184178766,0.999794954983566,79.1636962890625,71.70930862426758
2139,True,-0.0179245530399371,-0.00924223636254487,0.9997966250519839,79.1573791503906,71.69977188110352
2140,True,-0.018144839200420704,-0.009106237015335339,0.999793899390175,79.1656188964844,71.70843887329102
2141,True,-0.018192445409841072,-0.009789763669293808,0.9997865749535295,79.16740417480469,71.66487884521484
2142,True,-0.019680681051161674,-0.010500760614620465,0.9997511714521153,79.22308349609375,71.61956787109375
2143,True,-0.020747281780653673,-0.012182757194729233,0.9997105234645919,79.26300048828125,71.51237487792969
2144,True,-0.0237906589923374,-0.01467689572525369,0.9996092202838969,79.37689208984375,71.35342025756836
2145,True,-0.02501647164091881,-0.016929916176935244,0.9995436729252409,79.42279052734375,71.2098274230957
2146,True,-0.02420723187936099,-0.017340385292346067,0.9995565621627682,79.39251708984375,71.18366622924805
2147,True,-0.02239055744079464,-0.018101163882318687,0.9995854194632873,79.3245544433594,71.13517761230469
2148,True,-0.012571747934144272,-0.015510729682032686,0.9998006643419532,78.9571838378906,71.30027770996094
2149,True,0.004936507523839024,-0.011862881065900607,0.9999174480657307,78.3022766113281,71.53276062011719
2150,True,0.022195325599154547,-0.0067787206518214686,0.999730671965141,77.6567077636719,71.85676574707031
2151,True,0.03920346851086528,-0.0026418687705315443,0.9992277561127477,77.0202941894531,72.12039184570312
2152,True,0.04945576644283231,0.0007475396729019738,0.9987760351299932,76.636474609375,72.33638381958008
2153,True,0.059105275741046334,0.0038136905950142534,0.9982444701292466,76.2750244140625,72.53177642822266
2154,True,0.07248770021532082,0.009380910670002953,0.997325188608257,75.7733154296875,72.88655853271484
2155,True,0.08314177768859131,0.015326120598925162,0.9964198687451832,75.3733825683594,73.26544952392578
2156,True,0.09322542234730716,0.02192306580625856,0.9954036366287903,74.9942932128906,73.68591690063477
2157,True,0.10249452034664075,0.025472625263001963,0.9944073705786389,74.6455383300781,73.91217803955078
2158,True,0.11136163178901781,0.029593114762781078,0.9933392343625232,74.3114013671875,74.17485809326172
2159,True,0.12251482112331813,0.03435336686831482,0.9918719497948978,73.89048767089844,74.47836303710938
2160,True,0.12825189635375223,0.03720824174142788,0.9910433884690306,73.673583984375,74.66040802001953
2161,True,0.1361568466256988,0.042604148939426885,0.9897707813479305,73.3739929199219,75.0045394897461
2162,True,0.14567150079474095,0.047134676227118186,0.9882095608488984,73.0130920410156,75.29354095458984
2163,True,0.15559230647336797,0.052337600466773666,0.9864338851355816,72.63580322265625,75.6255111694336
2164,True,0.16331426038368654,0.057829785346828685,0.9848777428097708,72.34095764160156,75.97603607177734
2165,True,0.1694131336450571,0.06229371288121549,0.983574442268624,72.10749816894531,76.26101684570312
2166,True,0.17320242554737042,0.06486063263666218,0.9827481967007009,71.9622802734375,76.4249267578125
2167,True,0.17902773635105365,0.06831258175447281,0.9814695414484629,71.7388916015625,76.64539337158203
2168,True,0.17901542849985,0.06879118236668852,0.9814383575077998,71.7391357421875,76.67596435546875
2169,True,0.17852867164639097,0.06858323729599673,0.9815415696557004,71.7577819824219,76.66268157958984
2170,True,0.17722121875982227,0.06843799646665572,0.9817886128189272,71.80766296386719,76.65340423583984
2171,True,0.17666415501388472,0.06872357964414957,0.9818690574277836,71.82875061035156,76.67164611816406
2172,True,0.17678159835869778,0.06911020084078746,0.9818207813147417,71.8240966796875,76.69634246826172
2173,True,0.17686600231627228,0.06895624634366648,0.9818164050956023,71.8209533691406,76.68650817871092
2174,True,0.17692585700368135,0.06930082026454519,0.9817813592822866,71.8185119628906,76.7085189819336
2175,True,0.17680523824526417,0.06950003635668252,0.9817890061899528,71.82301330566406,76.72124481201172
2176,True,0.17677424062959765,0.06983623708083155,0.981770730792184,71.82403564453125,76.74272155761719
2177,True,0.17666741451961937,0.07011677648231435,0.9817699640458971,71.8279724121094,76.7606430053711
2178,True,0.17591231839897248,0.06998922668708041,0.9819146421065545,71.85679626464844,76.75249481201172
2179,True,0.176070031001494,0.07022509736526737,0.9818695330252242,71.8506774902344,76.76756286621092
2180,True,0.1752296009208246,0.07044699136102053,0.9820039757400725,71.88258361816406,76.78173828125
2181,True,0.17550652763168462,0.07021339349497054,0.9819712511741824,71.87214660644531,76.76681518554688
2182,True,0.1751285540793958,0.0707118742459715,0.9820029635325355,71.88630676269531,76.79866027832031
2183,True,0.17480204521165021,0.07128843703905136,0.9820194518105807,71.8984680175781,76.83549499511719
2184,True,0.17422369683904998,0.07114298495273878,0.9821327706332527,71.9205627441406,76.82620239257812
2185,True,0.173980713557011,0.07102690880329503,0.9821842441904888,71.92987060546875,76.81878662109375
2186,True,0.17387443470178635,0.07161277300941134,0.9821605223684349,71.93363952636719,76.85621643066406
2187,True,0.17386094975759292,0.07150553757853506,0.982170722555398,71.9342041015625,76.849365234375
2188,True,0.1737131737792068,0.07159486068986731,0.982190363004216,71.9397888183594,76.85507202148438
2189,True,0.17419347489721326,0.0716054886689161,0.9821045195373657,71.92149353027344,76.85575103759766
2190,True,0.17439804566286063,0.07168298907925552,0.9820625594867356,71.9136657714844,76.86070251464842
2191,True,0.17437001828572585,0.07161766903940113,0.9820723019230297,71.9147644042969,76.85652923583984
2192,True,0.17428356843717324,0.07151425496626786,0.982095183324623,71.91810607910156,76.84992218017578
2193,True,0.17444506685280525,0.07147998246521622,0.9820690050895062,71.91197204589844,76.84773254394531
2194,True,0.1735594578140198,0.07151783745279355,0.9822231485407882,71.9456787109375,76.85015106201172
2195,True,0.17346923138417622,0.07123302689903244,0.9822597831743825,71.9492492675781,76.83195495605469
2196,True,0.17325701431961663,0.07125082026537821,0.9822959470549407,71.95732116699219,76.83309173583984
2197,True,0.17304604781213878,0.07136104309639671,0.982325132970135,71.9653015136719,76.84013366699219
2198,True,0.16695281267245335,0.07087990151773667,0.9834138487440538,72.1973876953125,76.80939483642578
2199,True,0.1559736259994439,0.06866362078164318,0.985371775105082,72.615478515625,76.66781616210938
2200,True,0.1351309840052103,0.06033371486592178,0.9889891101585807,73.4080810546875,76.13587951660156
2201,True,0.11664214198204467,0.05121694417076469,0.9918525270137941,74.1086730957031,75.55400085449219
2202,True,0.09917594212545656,0.04132197100177415,0.994211560592642,74.76835632324219,74.92276000976562
2203,True,0.0880626683718481,0.03767483316056537,0.9954022168880042,75.1866760253906,74.6901626586914
2204,True,0.07829732897001312,0.028305078697213045,0.9965281485217093,75.5543518066406,74.09274291992188
2205,True,0.06953941933058885,0.015176185265292562,0.9974637600233695,75.88368225097656,73.25589370727539
2206,True,0.058733654957392474,0.007919270141472454,0.9982422766722377,76.28889465332031,72.79341125488281
2207,True,0.04743294850531746,0.00022937957572981952,0.9988743979005079,76.71221923828125,72.30336380004883
2208,True,0.03974629946418394,-0.003953065366125182,0.9992019840618385,76.9999694824219,72.03683471679688
2209,True,0.028378922121286683,-0.007053058826037231,0.99957235412972,77.42535400390625,71.83928298950195
2210,True,0.026847024973667064,-0.009554639141089118,0.9995938905980503,77.48265075683594,71.67986297607422
2211,True,0.024349100121364764,-0.011118913027508623,0.9996416813520564,77.57609558105469,71.58017349243164
2212,True,0.025714481023966645,-0.01119158022939982,0.999606679648369,77.52500915527344,71.57554244995117
2213,True,0.027802750727912908,-0.010197997936672535,0.9995614077634476,77.44688415527344,71.63886260986328
2214,True,0.024830260444957144,-0.008022606125766607,0.9996594900050649,77.55812072753906,71.77749633789062
2215,True,0.022831291930071326,-0.008525783713289317,0.9997029774492412,77.6329040527344,71.74542999267578
2216,True,0.02194948704045342,-0.008563674587850924,0.9997224032181206,77.6658935546875,71.74301528930664
2217,True,0.019722455226229462,-0.008746424556449636,0.9997672353189655,77.74920654296875,71.73136901855469
2218,True,0.017742577458381745,-0.008553318947206855,0.9998060020224527,77.8232727050781,71.7436752319336
2219,True,0.016836689340500432,-0.008089169827950035,0.999825530391951,77.85716247558594,71.77325439453125
2220,True,0.016939879998247195,-0.008161659574348161,0.9998231982598912,77.8533020019531,71.76863479614258
2221,True,0.01666532852353704,-0.008374938404624036,0.9998260484863961,77.86357116699219,71.75504302978516
2222,True,0.01504066884048193,-0.007883911679210228,0.9998558007120154,77.9243469238281,71.78633499145508
2223,True,0.013962111627875409,-0.007949457843712435,0.999870924449192,77.9646911621094,71.78215789794922
2224,True,0.0136638991902436,-0.008109222734815144,0.9998737612146625,77.97584533691406,71.77197647094727
2225,True,0.013290658811089328,-0.007974538969785129,0.9998798753433267,77.98980712890625,71.78055953979492
2226,True,0.012057485327948151,-0.007877806007363234,0.999896273230417,78.03593444824219,71.78672409057617
2227,True,0.012448290748398452,-0.00784889385139758,0.9998917115981873,78.02131652832031,71.78856658935547
2228,True,0.01168585055188921,-0.007915337926709114,0.9999003892000367,78.0498352050781,71.78433227539062
2229,True,0.011754363476234313,-0.008135022141536233,0.9998978229569385,78.0472717285156,71.77033233642578
2230,True,0.01094911081107545,-0.007910908322772336,0.9999087630888908,78.077392578125,71.78461456298828
2231,True,0.010668872687050258,-0.007689427929821896,0.9999135201874707,78.08787536621094,71.7987289428711
2232,True,0.010601992276652393,-0.0074094043430683095,0.9999163457445062,78.09037780761719,71.81657409667969
2233,True,0.01087326132548592,-0.007581441135898386,0.9999121431098087,78.0802307128906,71.80561065673828
2234,True,0.010937779830059254,-0.006772854370576726,0.9999172432836949,78.07781982421875,71.85713958740234
2235,True,0.01061714047710619,-0.006684560823801267,0.9999212933899759,78.0898132324219,71.86276626586914
2236,True,0.010846412277402248,-0.006603749735296728,0.9999193696644456,78.08123779296875,71.86791610717773
2237,True,0.010621233122141088,-0.0064963607110377145,0.9999224903483656,78.08966064453125,71.87475967407227
2238,True,0.009232181514443794,-0.006159946454536654,0.999938409045358,78.14161682128906,71.89619827270508
2239,True,0.008877267987850532,-0.0060290918931668325,0.999942420424304,78.15489196777344,71.90453720092773
2240,True,0.008834436258481874,-0.005960611697158378,0.9999432103095608,78.156494140625,71.90890121459961
2241,True,0.00878548042652652,-0.005981562809059748,0.9999435165248268,78.1583251953125,71.90756607055664
2242,True,0.00837263809158797,-0.005778037612271542,0.9999482552676106,78.17376708984375,71.92053604125977
2243,True,0.0071344818657294575,-0.005713627823263818,0.9999582259402664,78.22007751464844,71.92464065551758
2244,True,0.006407079014921554,-0.005835862737008369,0.9999624453171286,78.2472839355469,71.91685104370117
2245,True,0.00566499379644645,-0.005752058202102559,0.9999674103048188,78.27503967285156,71.92219161987305
2246,True,0.00620064756746993,-0.005879800241111207,0.9999634892929185,78.2550048828125,71.9140510559082
2247,True,0.006353210586777251,-0.0062823606216667474,0.9999600835334675,78.2492980957031,71.88839721679688
2248,True,0.006286312920997835,-0.006069497589981546,0.9999618210056145,78.2518005371094,71.90196228027344
2249,True,0.006313232789390113,-0.006217172844513267,0.9999607441562736,78.25079345703125,71.89255142211914
2250,True,0.006123530366272195,-0.006202327506802381,0.999962016033285,78.25788879394531,71.89349746704102
2251,True,0.0057772055624714935,-0.005074796407815359,0.9999704347316015,78.2708435058594,71.96535110473633
2252,True,-8.126785465985994e-05,-0.0054127092892310175,0.9999853478795008,78.4899597167969,71.94381713867188
2253,True,-0.010343100882028363,-0.007516792680294984,0.9999182557049079,78.873779296875,71.80973052978516
2254,True,-0.01782830017378403,-0.009176930359163749,0.9997989476200184,79.1537780761719,71.70393371582031
2255,True,-0.020108143478910104,-0.010460715546378178,0.9997430849953849,79.23907470703125,71.62211990356445
2256,True,-0.018519029251121075,-0.010517042012741172,0.999773192970735,79.17962646484375,71.6185302734375
2257,True,-0.015973342815928538,-0.010567741789745361,0.9998165707532308,79.08439636230469,71.61529922485352
2258,True,-0.015270864095131387,-0.010954364097730573,0.9998233857121979,79.05812072753906,71.59066009521484
2259,True,-0.01485687962003974,-0.010689672546925828,0.9998324879842598,79.0426330566406,71.60752868652344
2260,True,-0.014622283573530069,-0.010985609861440756,0.9998327386113476,79.03385925292969,71.58866882324219
2261,True,-0.01513179065777212,-0.010814476323750393,0.9998270230461529,79.05291748046875,71.59957504272461
2262,True,-0.015392882653855286,-0.010626642086876793,0.9998250515172952,79.06268310546875,71.61154556274414
2263,True,-0.015719180081082553,-0.010792927482176307,0.9998181935201734,79.07489013671875,71.60094833374023
2264,True,-0.015243983840431765,-0.010702242719071733,0.9998265264321881,79.05711364746094,71.60672760009766
2265,True,-0.015169310000876391,-0.010864577360980248,0.999825911343002,79.0543212890625,71.59638214111328
2266,True,-0.015124462870543644,-0.010725048598503097,0.9998280972024328,79.0526428222656,71.60527420043945
2267,True,-0.014713267781754816,-0.0108603873111203,0.9998327718866964,79.0372619628906,71.59664916992188
2268,True,-0.015388785459196625,-0.010736840612714692,0.9998239372688315,79.0625305175781,71.60452270507812
2269,True,-0.01568249052489879,-0.01066273645807026,0.9998201666010554,79.0735168457031,71.60924530029297
2270,True,-0.015882394867712774,-0.010479271559163143,0.9998189508110232,79.08099365234375,71.62093734741211
2271,True,-0.015514826744596264,-0.01074863262543314,0.9998218626574279,79.06724548339844,71.6037712097168
2272,True,-0.015809805615735147,-0.010370449471629507,0.9998212359337788,79.0782775878906,71.62787246704102
2273,True,-0.015708223591262078,-0.010451676971103652,0.9998219912364893,79.07447814941406,71.62269592285156
2274,True,-0.015755124706671078,-0.010500880330793282,0.9998207377113937,79.07623291015625,71.61956024169922
2275,True,-0.015821220465304955,-0.010410135428739267,0.9998206429471956,79.0787048339844,71.6253433227539
2276,True,-0.016188731523233347,-0.010476278654119162,0.9998140689934454,79.09245300292969,71.62112808227539
2277,True,-0.01613361939580531,-0.010740072941222683,0.9998121609374475,79.09039306640625,71.60431671142578
2278,True,-0.01620542073890759,-0.010679376976100219,0.9998116498851558,79.09307861328125,71.60818481445312
2279,True,-0.016009194961372483,-0.010821359980417505,0.9998132844910909,79.08573913574219,71.59913635253906
2280,True,-0.016453831101518067,-0.010688834535389354,0.9998074915994367,79.10237121582031,71.60758209228516
2281,True,-0.016567238242329894,-0.010627300524949725,0.9998062747855578,79.10661315917969,71.61150360107422
2282,True,-0.01641139822303949,-0.010752463532796713,0.999807506741343,79.10078430175781,71.6035270690918
2283,True,-0.016443603539065876,-0.010858412001834471,0.9998058325452239,79.10198974609375,71.59677505493164
2284,True,-0.017388759373284535,-0.010540865524083011,0.9997932392257217,79.13734436035156,71.61701202392578
2285,True,-0.01722393711668556,-0.010718404366488235,0.9997942047231706,79.13117980957031,71.60569763183594
2286,True,-0.017320606592844925,-0.010727083768575093,0.9997924415902921,79.1347961425781,71.60514450073242
2287,True,-0.017745634099037993,-0.010711281270379125,0.99978515738331,79.15069580078125,71.60615158081055
2288,True,-0.01768406238137001,-0.010605512208091456,0.9997873759197481,79.14839172363281,71.6128921508789
2289,True,-0.01769667580534217,-0.010770660340617489,0.9997853872413157,79.14886474609375,71.60236740112305
2290,True,-0.017726049838658497,-0.01074001308328837,0.9997851965677867,79.14996337890625,71.60432052612305
2291,True,-0.017845163272860003,-0.010691767575734179,0.9997835947113113,79.1544189453125,71.60739517211914
2292,True,-0.017850052391817552,-0.010720918400279257,0.9997831952669858,79.15460205078125,71.60553741455078
2293,True,-0.0179267238087637,-0.010783110786019044,0.999781154600976,79.157470703125,71.6015739440918
2294,True,-0.01816659092791549,-0.010637296811490796,0.9997783868891156,79.16644287109375,71.61086654663086
2295,True,-0.018070734046072387,-0.010652560600265726,0.9997799615533879,79.16285705566406,71.60989379882812
2296,True,-0.018145440822640708,-0.010321186186919804,0.9997820843028979,79.1656494140625,71.63101196289062
2297,True,-0.018220507320091138,-0.010242532482419332,0.9997815279556556,79.16845703125,71.63602447509766
2298,True,-0.018187046918862058,-0.010314242635660591,0.999781399968625,79.1672058105469,71.63145446777344
2299,True,-0.01813484238558701,-0.010285271261250775,0.9997826467221425,79.1652526855469,71.63330078125
2300,True,-0.01809936022977868,-0.010261986410682796,0.9997835289672359,79.16392517089844,71.63478469848633
2301,True,-0.017974944485999653,-0.01031005256138423,0.9997852790409081,79.1592712402344,71.63172149658202
2302,True,-0.018014093338971617,-0.010356921524745733,0.9997840900002886,79.1607360839844,71.62873458862305
2303,True,-0.018067113828584728,-0.010385354154272754,0.9997828383289019,79.1627197265625,71.62692260742188
2304,True,-0.01804834630845666,-0.010409596705449229,0.9997829251852423,79.1620178222656,71.6253776550293
2305,True,-0.01796391539057419,-0.010396188480368617,0.9997845853027145,79.15885925292969,71.6262321472168
2306,True,-0.017794658001709138,-0.010299756949536422,0.9997886102338748,79.15252685546875,71.63237762451172
2307,True,-0.0179341685270668,-0.010238342405054918,0.9997867482338619,79.1577453613281,71.63629150390625
2308,True,-0.017857479965334724,-0.01026444059828028,0.9997878533311414,79.1548767089844,71.63462829589844
2309,True,-0.01783626542973777,-0.010286887433191326,0.9997880013195082,79.1540832519531,71.63319778442383
2310,True,-0.017635572086806495,-0.010340640099434207,0.999791007040724,79.1465759277344,71.6297721862793
2311,True,-0.01762659625806328,-0.010352492019601804,0.9997910426750878,79.146240234375,71.6290168762207
2312,True,-0.017636363913059182,-0.010471190715329018,0.9997896342895985,79.1466064453125,71.62145233154297
2313,True,-0.017553171675764735,-0.010372424791148476,0.999792127878627,79.14349365234375,71.62774658203125
2314,True,-0.017726535242376308,-0.01032489739514739,0.9997895610787705,79.14997863769531,71.63077545166016
2315,True,-0.017380664348147154,-0.010191952250809528,0.9997969977031008,79.13703918457031,71.63924789428711
2316,True,-0.017496041368867784,-0.010509619611002285,0.9997916965208558,79.141357421875,71.61900329589844
2317,True,-0.0176331219595512,-0.010355784219390329,0.9997908935088182,79.146484375,71.6288070678711
2318,True,-0.017716319267071477,-0.010426297126034639,0.9997886898539444,79.14959716796875,71.62431335449219
2319,True,-0.017434063651529955,-0.010387568906115289,0.9997940547116767,79.1390380859375,71.62678146362305
2320,True,-0.015926448617247613,-0.010479331417263066,0.9998182494071056,79.0826416015625,71.62093353271484
2321,True,-0.014861500847924928,-0.012292175615950625,0.9998140018079231,79.0428161621094,71.50540161132812
2322,True,-0.014318830835240508,-0.01315093740844696,0.9998109941027808,79.02252197265625,71.4506721496582
2323,True,-0.014451648657648416,-0.013958034175359804,0.9997981411930287,79.0274963378906,71.39923477172852
2324,True,-0.014582136507524733,-0.014148374587140942,0.9997935710892613,79.0323791503906,71.38710403442383
2325,True,-0.014698833424493372,-0.013959350997564108,0.9997945192966833,79.0367431640625,71.39915084838867
2326,True,-0.014675585224304136,-0.013950372663872838,0.9997949861350892,79.03587341308594,71.39972305297852
2327,True,-0.014500999524249032,-0.013980898993829795,0.9997971071553077,79.02934265136719,71.39777755737305
2328,True,-0.014835101434695503,-0.013808395131386606,0.9997946029006747,79.0418395996094,71.40877151489258
2329,True,-0.01487999213859513,-0.013699816847279353,0.9997954295016088,79.04351806640625,71.41569137573242
2330,True,-0.014777189387045355,-0.013763623069170757,0.9997960778848002,79.0396728515625,71.41162490844727
2331,True,-0.014469641938010333,-0.013729325735460235,0.9998010477475183,79.0281677246094,71.41381072998047
2332,True,-0.014763327701614815,-0.013730223571627311,0.9997967419009965,79.0391540527344,71.41375350952148
2333,True,-0.014747028165493335,-0.013649418272342465,0.9997980888865076,79.0385437011719,71.41890335083008
2334,True,-0.014657275289101481,-0.013726751938386605,0.9997983499497893,79.0351867675781,71.41397476196289
2335,True,-0.01458955784903538,-0.01375925360172644,0.9997988936491643,79.03265380859375,71.41190338134766
2336,True,-0.014953429020342322,-0.013623021855234655,0.999795383184012,79.0462646484375,71.42058563232422
2337,True,-0.015063554769027222,-0.013652231495373864,0.9997933315905428,79.0503845214844,71.4187240600586
2338,True,-0.015028886188307777,-0.01364008076533625,0.9997940191742767,79.04908752441406,71.41949844360352
2339,True,-0.014844506113912208,-0.013695327664461123,0.9997960185149755,79.04219055175781,71.41597747802734
2340,True,-0.014732727822989667,-0.01376799253635225,0.9997966738854519,79.03800964355469,71.41134643554688
2341,True,-0.014884059511399688,-0.013756500238544378,0.9997945906403215,79.0436706542969,71.41207885742188
2342,True,-0.014890600551394604,-0.01368449376878965,0.9997954814088282,79.0439147949219,71.41666793823242
2343,True,-0.01461564974420247,-0.013826291977393282,0.999797587730992,79.03363037109375,71.40763092041016
2344,True,-0.01480900475438504,-0.0137661370092251,0.9997955725297185,79.0408630371094,71.41146469116211
2345,True,-0.01482410488758091,-0.013726931505627253,0.9997958878019663,79.04142761230469,71.4139633178711
2346,True,-0.014970538487721168,-0.013731181263526656,0.9997936475285768,79.0469055175781,71.41369247436523
2347,True,-0.014698051007183566,-0.013795765581876432,0.9997968014294706,79.0367126464844,71.40957641601562
2348,True,-0.014946001150047109,-0.014037761730552805,0.9997897570465598,79.0459899902344,71.3941535949707
2349,True,-0.014882322394201335,-0.014262578588560138,0.9997875250932872,79.0436096191406,71.37982559204102
2350,True,-0.01503079526735474,-0.014261800469681448,0.9997853150756886,79.0491638183594,71.37987518310547
2351,True,-0.014543790671660959,-0.014166331203404364,0.9997938753628842,79.03094482421875,71.38595962524414
2352,True,-0.014526663974871573,-0.01414250875817254,0.9997944616168796,79.0303039550781,71.38747787475586
2353,True,-0.014566631532717249,-0.014172436451893467,0.9997934563152566,79.03179931640625,71.38557052612305
2354,True,-0.01456500458355849,-0.014149990682791587,0.9997937979429348,79.03173828125,71.38700103759766
2355,True,-0.014551960212504702,-0.014109767846730917,0.9997945563490956,79.03125,71.38956451416016
2356,True,-0.014573993555441787,-0.014075710100129316,0.999794715477644,79.0320739746094,71.3917350769043
2357,True,-0.01455686374762575,-0.014066911347472578,0.9997950888672016,79.03143310546875,71.39229583740234
2358,True,-0.014534015341801397,-0.014097437627529755,0.9997949913109099,79.03057861328125,71.39035034179688
2359,True,-0.014508740530634487,-0.014025311787861455,0.9997963728067171,79.0296325683594,71.39494705200195
2360,True,-0.014568675145316722,-0.014152384898502375,0.9997937105754341,79.03187561035156,71.38684844970702
2361,True,-0.014477718490422488,-0.014132872038096506,0.9997953078481948,79.0284729003906,71.38809204101562
2362,True,-0.014702073221849809,-0.0140727173272391,0.9997928823861505,79.036865234375,71.39192581176758
2363,True,-0.014720023783611381,-0.014057274617122568,0.9997928355065108,79.03753662109375,71.39291000366211
2364,True,-0.014716396536202048,-0.01384394939637005,0.9997958655336099,79.03739929199219,71.4065055847168
2365,True,-0.01442875329699146,-0.014219363050075996,0.9997947893406649,79.0266418457031,71.3825798034668
2366,True,-0.014514029191887903,-0.01409384630114563,0.9997953322820909,79.02983093261719,71.39057922363281
2367,True,-0.014749000809951462,-0.013977427372647717,0.9997935279342183,79.03861999511719,71.39799880981445
2368,True,-0.014707809308774878,-0.013948696708125872,0.999794535995012,79.0370788574219,71.39982986450195
2369,True,-0.014614784084303296,-0.014070861807983854,0.9997941882878444,79.0335998535156,71.39204406738281
2370,True,-0.014821997935429956,-0.01405458112082849,0.9997913667994539,79.0413513183594,71.39308166503906
2371,True,-0.014842810628332183,-0.0140060981701146,0.9997917384069048,79.04212951660156,71.39617156982422
2372,True,-0.013966216052418958,-0.014129759556797655,0.9998026278741441,79.00933837890625,71.38829040527344
2373,True,-0.013770388775593547,-0.014311779626253228,0.9998027552256988,79.00201416015625,71.37668991088867
2374,True,-0.013736946141443928,-0.014285982006180425,0.9998035842248346,79.0007629394531,71.37833404541016
2375,True,-0.013479539068810794,-0.014401382886818411,0.9998054321703996,78.99113464355469,71.37097930908202
2376,True,-0.013603974963006214,-0.014265212221623922,0.9998056989162835,78.99578857421875,71.37965774536133
2377,True,-0.013599086671576423,-0.014231633392653965,0.9998062439556357,78.99560546875,71.38179779052734
2378,True,-0.013620712283702424,-0.014195959610247933,0.9998064567343166,78.99641418457031,71.38407135009766
2379,True,-0.013408164763679987,-0.014358885696782515,0.9998070031357135,78.98846435546875,71.37368774414062
2380,True,-0.013576641358472526,-0.014287418532838372,0.9998057533746698,78.99476623535156,71.37824249267578
2381,True,-0.013269484031877068,-0.014329736200727973,0.9998092715382996,78.9832763671875,71.37554550170898
2382,True,-0.013486493766701961,-0.014295977836897221,0.9998068510985347,78.99139404296875,71.3776969909668
2383,True,-0.013376361461925263,-0.014291368980995665,0.9998083965073953,78.9872741699219,71.37799072265625
2384,True,-0.01353098158634329,-0.01415735289584338,0.9998082225588528,78.99305725097656,71.38653182983398
2385,True,-0.013517513741248415,-0.014194463226362555,0.9998078785626621,78.9925537109375,71.3841667175293
2386,True,-0.013560770516818305,-0.01409384630114563,0.9998087162049698,78.9941711425781,71.39057922363281
2387,True,-0.013365776166624587,-0.014185604633110065,0.9998100442827411,78.98687744140625,71.38473129272461
2388,True,-0.013773598022482602,-0.014582803696115015,0.9997987946751464,79.00213623046875,71.35941696166992
2389,True,-0.013712836219787673,-0.014508164443707896,0.9998007157865428,78.99986267089844,71.36417388916016
2390,True,-0.013681409406611946,-0.01460189744532297,0.9997997817701526,78.9986877441406,71.35820007324219
2391,True,-0.01356269669579859,-0.014674621237529223,0.9998003344417689,78.99424743652344,71.35356521606445
2392,True,-0.013879589746799627,-0.01488321538648078,0.9997929019993191,79.006103515625,71.34027099609375
2393,True,-0.013516593793286232,-0.01472717385553713,0.9998001860584225,78.9925231933594,71.35021591186523
2394,True,-0.013759673286350416,-0.014860350865587088,0.9997948996485252,79.0016174316406,71.34172821044922
2395,True,-0.013506794849489375,-0.014774339496288362,0.9997996226171233,78.9921569824219,71.34720993041992
2396,True,-0.013223717545605106,-0.014753569859037668,0.9998037134711435,78.9815673828125,71.3485336303711
2397,True,-0.013420319651767041,-0.014778828610130405,0.999800720766572,78.9889221191406,71.346923828125
2398,True,-0.013497815022117264,-0.014804805609710798,0.9997992932186377,78.9918212890625,71.34526824951172
2399,True,-0.013724628863293824,-0.014689764535948228,0.9997979022684751,79.00030517578125,71.35260009765625
2400,True,-0.01351742485152014,-0.014650320127104275,0.9998013039327149,78.9925537109375,71.3551139831543
2401,True,-0.013413823463475505,-0.014625839443074343,0.9998030576872008,78.9886779785156,71.35667419433594
2402,True,-0.013523955594857475,-0.014628233642388497,0.9998015390094036,78.9927978515625,71.35652160644531
2403,True,-0.013466853687771644,-0.01460860120553783,0.9998025968272786,78.99066162109375,71.35777282714844
2404,True,-0.013462778207752928,-0.014590764413516179,0.999802912176574,78.9905090332031,71.3589096069336
2405,True,-0.013543584141126452,-0.014376602838320738,0.9998049232822578,78.9935302734375,71.37255859375
2406,True,-0.013566421244177082,-0.014403597528403556,0.9998042251325333,78.994384765625,71.3708381652832
2407,True,-0.013357578192657388,-0.014394798816823762,0.9998071638430334,78.986572265625,71.37139892578125
2408,True,-0.013558315984820159,-0.01413107637582542,0.9998082239850383,78.99407958984375,71.3882064819336
2409,True,-0.013372345368588941,-0.013958333453135637,0.999813155197787,78.98712158203125,71.39921569824219
2410,True,-0.01353226660662483,-0.013833654223796132,0.9998127363518149,78.99310302734375,71.40716171264648
2411,True,-0.013091749230407616,-0.013728727178009367,0.9998200478846981,78.97662353515625,71.41384887695312
2412,True,-0.011699943779589361,-0.013844787375468468,0.9998357030923043,78.924560546875,71.40645217895508
2413,True,-0.008706294841579932,-0.013282920237042379,0.9998738742762048,78.81257629394531,71.4422607421875
2414,True,-0.0059990221960796565,-0.010908513015152943,0.9999225050355098,78.7113037109375,71.59358215332031
2415,True,-0.004013188614647645,-0.009286831181817246,0.999948823232341,78.63702392578125,71.69692993164062
2416,True,-0.005751878790176584,-0.00967543383567077,0.9999366489285583,78.7020568847656,71.67216491699219
2417,True,-0.007244567336690851,-0.00975738020578514,0.9999261521610604,78.75788879394531,71.66694259643555
2418,True,-0.00765251283936734,-0.009796707257176313,0.9999227288016613,78.77314758300781,71.66443634033202
2419,True,-0.007652480171082772,-0.0102231384085378,0.9999184601697836,78.77314758300781,71.63726043701172
2420,True,-0.007478734324981709,-0.009696504055397685,0.9999250203600267,78.76664733886719,71.67082214355469
2421,True,-0.007262126814367031,-0.009504776870111673,0.9999284578062481,78.758544921875,71.68304061889648
2422,True,-0.006827259245803332,-0.009383742544057305,0.9999326646865065,78.7422790527344,71.69075393676758
2423,True,-0.0058571782980552205,-0.00879598787811268,0.9999441604707899,78.70599365234375,71.72821044921875
2424,True,-0.00524892631171316,-0.008530752027713903,0.9999498362630077,78.68324279785156,71.74511337280273
2425,True,-0.005472088198976409,-0.008344529882700921,0.9999502112964321,78.69158935546875,71.7569808959961
2426,True,-0.0052766227191283965,-0.009473470774327673,0.9999412035735742,78.68428039550781,71.6850357055664
2427,True,-0.00682434519541778,-0.010254982996955016,0.9999241289399841,78.74217224121094,71.6352310180664
2428,True,-0.007239160453988878,-0.011126993814812358,0.9999118884004562,78.7576904296875,71.57965850830078
2429,True,-0.007313413584539473,-0.011034693223375285,0.9999123709241763,78.7604675292969,71.58554077148438
2430,True,-0.0068389994813515265,-0.010699429394976387,0.9999193718979126,78.74272155761719,71.60690689086914
2431,True,-0.006626026943198637,-0.011038464261059738,0.9999171206023554,78.73475646972656,71.58530044555664
2432,True,-0.00710988862957348,-0.010526320014099854,0.9999193197806691,78.75285339355469,71.61793899536133
2433,True,-0.007122528586943253,-0.01061101914579528,0.9999183345949887,78.7533264160156,71.61254119873047
2434,True,-0.007326483801929841,-0.010834648429228405,0.999914462855956,78.7609558105469,71.5982894897461
2435,True,-0.007268454923093228,-0.01204640296251843,0.9999010219710227,78.7587890625,71.52106475830078
2436,True,-0.00590981012557115,-0.01461362902526806,0.9998757502764988,78.7079772949219,71.35745239257812
2437,True,-0.004623366945286646,-0.01781543170788049,0.9998306030879186,78.65986633300781,71.15338897705078
2438,True,0.0005966269249678151,-0.023542215435797948,0.9997226656071607,78.464599609375,70.78836822509766
2439,True,0.0012643255001859879,-0.022789840065803382,0.9997394783996502,78.43962097167969,70.8363265991211
2440,True,-0.004715992232023284,-0.017458234520380787,0.9998364713615416,78.663330078125,71.17615509033202
2441,True,0.0028855482599405837,0.0015227441140686514,0.9999946774166364,78.3789978027344,72.38578414916992
2442,True,0.025240359188520765,0.03995167955616269,0.998882769682547,77.54205322265625,74.83536529541016
2443,False,-0.0775979319498656,0.053448746279572835,0.9955509994361141,81.396240234375,75.69641876220703
2444,False,-0.018308076901517267,0.07526400743355591,0.996995558417995,79.17364501953125,77.08952331542969
2445,False,-0.027973651411312438,0.07987841983157538,0.9964120196344125,79.5366516113281,77.38446807861328
2446,False,-0.029437411593247333,0.07252101662360853,0.9969323652819022,79.5909729003906,76.91424560546875
2447,False,-0.03721987423981575,0.05673516455173264,0.9976952450848204,79.88154602050781,75.90616607666016
2448,False,-0.015045277959518493,0.0551639935279659,0.9983639483821355,79.0505065917969,75.8058853149414
2449,False,-0.02064181201326227,0.06000340066004748,0.9979847230824923,79.26039123535156,76.11479187011719
2450,False,-0.01889693149540044,0.06295256852809618,0.9978376020654731,79.19512939453125,76.30308532714842
2451,False,-0.02895033134177178,0.06157639685143376,0.9976824272612985,79.5718994140625,76.21521759033203
2452,False,-0.021728688716194343,0.069920793600441,0.9973158710804514,79.30165100097656,76.74812316894531
2453,False,-0.03098747122169118,0.07497414185517647,0.9967038951867123,79.64933776855469,77.07099914550781
2454,False,-0.03614500303665815,0.09091655794051041,0.9952023504030373,79.8446960449219,78.09046173095703
2455,False,-0.021420370875559418,0.09178079970655188,0.9955488197556056,79.29151916503906,78.14576721191406
2456,False,-0.012948640305996975,0.09153973933156642,0.9957172333736796,78.9732666015625,78.13034057617188
2457,False,-0.053321467582365056,0.08756171771588157,0.9947310021737068,80.4898376464844,77.87581634521484
2458,False,-0.06736546095875545,0.07632814619026212,0.9948044575538312,81.0157470703125,77.15753173828125
2459,False,-0.09289298445000421,0.06291636443895994,0.9936862807374143,81.97314453125,76.30077362060547
2460,False,-0.07493693161710131,0.05919192802670763,0.9954299432588388,81.29719543457031,76.06298828125
2461,False,-0.05875932468929499,0.05349644732345725,0.9968377359860664,80.6889953613281,75.699462890625
2462,True,-0.003241406860173037,0.05051185286394819,0.998718201497208,78.6083068847656,75.5090103149414
2463,True,0.02790479780173207,0.03908364970974806,0.9988462296995521,77.44232177734375,74.7800064086914
2464,True,0.014309580229936706,0.01897138036759785,0.9997176214514731,77.95161437988281,73.4977798461914
2465,True,0.0002834539254264535,0.008574071573921907,0.9999632017982049,78.476318359375,72.83514022827148
2466,True,-0.009454041947999545,-0.00016217375309230788,0.9999552963960535,78.84051513671875,72.27841186523438
2467,True,-0.01737903510923473,-0.007527806863847812,0.999820634545263,79.136962890625,71.80902862548828
2468,True,-0.024078088172761896,-0.010985250714792325,0.9996497236215683,79.3876037597656,71.58869171142578
2469,True,-0.02563855157882459,-0.013250478220718431,0.9995834579963107,79.4460144042969,71.44432830810547
2470,True,-0.024178794439618033,-0.014975750776249313,0.9995954745736568,79.39141845703125,71.3343734741211
2471,True,-0.02189782193593839,-0.017302857833887863,0.9996104723867404,79.30610656738281,71.1860580444336
2472,True,-0.021721831335564133,-0.017877737487022233,0.9996041959424612,79.2995300292969,71.14941787719727
2473,True,-0.018818878305745548,-0.020206281800074406,0.9996187053047425,79.1909484863281,71.00100326538086
2474,True,-0.020053122289532377,-0.021707754303194632,0.9995632274596506,79.2371520996094,70.90530014038086
2475,True,-0.017349671055191508,-0.024901029206696994,0.9995393577337133,79.13604736328125,70.70175170898438
2476,True,-0.019988315788460213,-0.024293619972620386,0.9995050211282416,79.2347717285156,70.74047088623047
2477,True,-0.020137659642780328,-0.026493534199294587,0.9994461302690318,79.24040222167969,70.60023498535156
2478,True,-0.019219263525957066,-0.02752391135323626,0.9994363682663039,79.2060546875,70.53454971313477
2479,True,-0.02137594528432375,-0.02930185441206237,0.9993420186758966,79.28680419921875,70.42120361328125
2480,True,-0.020340531023516056,-0.02899459680086909,0.9993725912561523,79.248046875,70.44079208374023
2481,True,-0.019856788158944032,-0.02859800006793175,0.9993937474069594,79.22993469238281,70.4660758972168
2482,True,-0.019865185852898315,-0.028886173401233985,0.999385292756134,79.2302551269531,70.44770431518555
2483,True,-0.02092565542163091,-0.02958571370639558,0.9993431855422132,79.26995849609375,70.40310668945312
2484,True,-0.019623346591921526,-0.029691861152898767,0.9993664581372593,79.2212219238281,70.3963394165039
2485,True,-0.019862075060559245,-0.02862193482100369,0.9993929571601908,79.2301330566406,70.46455001831055
2486,True,-0.019129309377158028,-0.027992924100614595,0.9994250675878857,79.20269775390625,70.5046501159668
2487,True,-0.020469905955829506,-0.028080227531381906,0.9993960595139173,79.25286865234375,70.49908447265625
2488,True,-0.021429744121632656,-0.026613454119097244,0.9994160745789173,79.28875732421875,70.59259033203125
2489,True,-0.021535931750490518,-0.024826225605639508,0.9994597851668752,79.2926940917969,70.7065200805664
2490,True,-0.020688257853819947,-0.02548580900017265,0.9994610895510543,79.260986328125,70.66447448730469
2491,True,-0.019680061415442963,-0.025891116373883385,0.9994710327346154,79.2232666015625,70.63863754272461
2492,True,-0.018353102978156434,-0.025191146170279066,0.9995141668659334,79.17359924316406,70.68325805664062
2493,True,-0.018268105742374828,-0.02468870630309392,0.9995282607778856,79.17041015625,70.71528625488281
2494,True,-0.016757001950125267,-0.02426441622701049,0.9995651259376779,79.1138610839844,70.7423324584961
2495,True,-0.017112786920305698,-0.023820133754730636,0.9995697843331034,79.1271667480469,70.7706527709961
2496,True,-0.01570500131835449,-0.02390235988217523,0.9995909313942647,79.0744934082031,70.76541137695312
2497,True,-0.015511258108478856,-0.02286704113079332,0.9996181767564127,79.0672302246094,70.83140563964844
2498,True,-0.01533824451889461,-0.023139637595820495,0.9996145734366885,79.0607604980469,70.81402969360352
2499,True,-0.015144237411879532,-0.022805160598050867,0.9996252181309302,79.0534973144531,70.8353500366211
2500,True,-0.01565364766745177,-0.02270072952030528,0.9996197478011073,79.07255554199219,70.84200668334961
2501,True,-0.014979990064948025,-0.018507554598764724,0.9997164949726637,79.04730224609375,71.1092758178711
2502,True,-0.015278606653392923,-0.018290055142167444,0.9997159786967633,79.0584716796875,71.12313842773438
2503,True,-0.014543641333733403,-0.018258333905045443,0.9997275207474122,79.0309753417969,71.12516021728516
2504,True,-0.015083403420828737,-0.01768734852509221,0.9997297878143855,79.05116271972656,71.16155242919922
2505,True,-0.014850619452277338,-0.017265150793661924,0.9997406532045977,79.0424499511719,71.18846130371094
2506,True,-0.014150018057297637,-0.0167303665810099,0.9997599070892187,79.0162353515625,71.2225456237793
2507,True,-0.014674646444825648,-0.016338567512723466,0.9997588238987198,79.0358581542969,71.24751663208008
2508,True,-0.014469136003106517,-0.016075152151311972,0.999766089436242,79.0281677246094,71.2643051147461
2509,True,-0.0143488193069492,-0.01603558887478699,0.9997684588313113,79.02366638183594,71.26682662963867
2510,True,-0.014998942220683117,-0.01443597917161368,0.999783293637985,79.0479736328125,71.3687744140625
2511,True,-0.014647365103489799,-0.01431417383645,0.9997902575655081,79.0348205566406,71.37653732299805
2512,True,-0.014330033397125973,-0.014264074970994883,0.9997955722586789,79.02294921875,71.37973022460938
2513,True,-0.01403021704773194,-0.014325426623275288,0.9997989473697472,79.01173400878906,71.37582015991211
2514,True,-0.012889415690071578,-0.013796423994464534,0.999821744936633,78.96905517578125,71.4095344543457
2515,True,-0.01221894381695591,-0.013007581650301265,0.9998407374335219,78.9439697265625,71.45980834960938
2516,True,-0.011817958844497154,-0.013035714116710758,0.9998451910201984,78.92897033691406,71.45801544189452
2517,True,-0.01121224458033967,-0.012736970743359614,0.9998560172083547,78.90631103515625,71.47705459594727
2518,True,-0.011386424919735858,-0.012747445635586975,0.9998539153082889,78.91282653808594,71.47638702392578
2519,True,-0.01108906460527761,-0.012651136431071677,0.9998584806827325,78.9017028808594,71.48252487182617
2520,True,-0.011184526624982337,-0.012591279812202908,0.9998581729609785,78.9052734375,71.4863395690918
2521,True,-0.011203316341285793,-0.012410392836658467,0.9998602241576554,78.9059753417969,71.49786758422852
2522,True,-0.010892125061118045,-0.012005341020669484,0.9998686080673952,78.89433288574219,71.523681640625
2523,True,-0.010209665965132642,-0.011981757330625155,0.9998760924295322,78.8688049316406,71.52518463134766
2524,True,-0.00997797809922364,-0.011848275914023307,0.9998800219580931,78.8601379394531,71.53369140625
2525,True,-0.00978703639159407,-0.01210566141419622,0.99987882609864,78.8529968261719,71.51728820800781
2526,True,-0.009082194403901081,-0.01151852204353272,0.9998924129098802,78.8266296386719,71.55470657348633
2527,True,-0.008770983780906788,-0.011069949426705368,0.999900258057375,78.81498718261719,71.58329391479492
2528,True,-0.008706509265395056,-0.011277715328700293,0.9998984997655394,78.81257629394531,71.57005310058594
2529,True,-0.008341851396804777,-0.010854461383135696,0.9999062927011488,78.79893493652344,71.59702682495117
2530,True,-0.007917176371818454,-0.010944248129791459,0.9999087667138292,78.7830505371094,71.59130477905273
2531,True,-0.007889817839705576,-0.011245990805649732,0.9999056347802304,78.78202819824219,71.57207489013672
2532,True,-0.006674144495627379,-0.011306566677543681,0.9999138049578162,78.73655700683594,71.5682144165039
2533,True,-0.008167665616682402,-0.010796399240324444,0.9999083593019,78.79241943359375,71.60072708129883
2534,True,-0.008385498922076733,-0.01087804537709479,0.9999056713193508,78.8005676269531,71.59552383422852
2535,True,-0.00876002735624586,-0.010455747322988642,0.9999069653065907,78.8145751953125,71.6224365234375
2536,True,-0.007881307837220188,-0.010586417497693387,0.9999129025826897,78.7817077636719,71.61410903930664
2537,True,-0.008765757754204096,-0.010243909222085536,0.999909107776724,78.8147888183594,71.63593673706055
2538,True,-0.00782055886323091,-0.0101593893423337,0.9999178094559861,78.77943420410156,71.64132308959961
2539,True,-0.007683884424914382,-0.010319151008153992,0.9999172330961276,78.7743225097656,71.63114166259766
2540,True,-0.0076365552168609265,-0.010414265640529155,0.9999166095708123,78.7725524902344,71.62508010864258
2541,True,-0.008342291879973367,-0.010488968570860674,0.9999101898193202,78.7989501953125,71.62031936645508
2542,True,-0.007155189109857859,-0.010278447423872277,0.9999215753184632,78.7545471191406,71.63373565673828
2543,True,-0.007341208083528538,-0.010342136554080988,0.9999195702032094,78.7615051269531,71.62967681884766
2544,True,-0.007460753623992057,-0.010115393483813634,0.9999210048648991,78.76597595214844,71.64412689208984
2545,True,-0.00837419087290681,-0.00954141037762987,0.99991941396056,78.8001403808594,71.68070602416992
2546,True,-0.008218786186677172,-0.009244032127435117,0.9999234967854514,78.79432678222656,71.69965744018555
2547,True,-0.007733712155946151,-0.00955948769198359,0.9999244000880047,78.77618408203125,71.6795539855957
2548,True,-0.0070442531575106455,-0.009916783365725955,0.9999260152156908,78.7503967285156,71.65678405761719
2549,True,-0.0075073072678339585,-0.009466527164825723,0.9999270099367373,78.76771545410156,71.68547821044922
2550,True,-0.006312409975105863,-0.009605997853943725,0.9999339369606055,78.7230224609375,71.67658996582031
2551,True,-0.006737500199535287,-0.009535005500603782,0.9999318425578639,78.7389221191406,71.68111419677734
2552,True,-0.007025122853564434,-0.009274500267191036,0.9999323133561021,78.74967956542969,71.69771575927734
2553,True,-0.007440008528266587,-0.00928114459515041,0.9999292508113278,78.76519775390625,71.69729232788086
2554,True,-0.00679461397886174,-0.00952578726569272,0.9999315439558085,78.7410583496094,71.68170166015625
2555,True,-0.007023882930492431,-0.009517945779514252,0.9999300344407687,78.7496337890625,71.68220138549805
2556,True,-0.00692638296571415,-0.00951381553083374,0.9999307538690154,78.74598693847656,71.68246459960938
2557,True,-0.007071221436671735,-0.009273542526190146,0.999931997306021,78.75140380859375,71.6977767944336
2558,True,-0.006863172976038724,-0.009164060702176142,0.999934456276084,78.7436218261719,71.70475387573242
2559,True,-0.006274512145205521,-0.008886734193570405,0.9999408264756032,78.72160339355469,71.72242736816406
2560,True,-0.006384257530469064,-0.00878898436657718,0.9999409957640444,78.7257080078125,71.72865676879883
2561,True,-0.006741201066259357,-0.009067687873846222,0.9999361645849233,78.73905944824219,71.71089553833008
2562,True,-0.005717651426678083,-0.00890906160696201,0.999943966971873,78.7007751464844,71.72100448608398
2563,True,-0.005907758753442445,-0.00891319187865788,0.999942825064036,78.7078857421875,71.72074127197266
2564,True,-0.005890630403623372,-0.008802093503201856,0.9999439102386737,78.7072448730469,71.72782135009766
2565,True,-0.005456962316173797,-0.009007769072843876,0.99994453929136,78.69102478027344,71.71471405029297
2566,True,-0.004698167346526367,-0.00887129056455661,0.9999496124441988,78.66264343261719,71.7234115600586
2567,True,-0.004947843746917515,-0.00873660766409831,0.9999495939940072,78.67198181152344,71.73199462890625
2568,True,-0.004729587706293687,-0.00868955840005987,0.9999510600899127,78.663818359375,71.73499298095702
2569,True,-0.004995163572467036,-0.008813466725532052,0.9999486842559283,78.67375183105469,71.72709655761719
2570,True,-0.004659016915533347,-0.008535899919546145,0.9999527148690304,78.66117858886719,71.74478530883789
2571,True,-0.004672471147267049,-0.008745047797207263,0.9999508448680877,78.66168212890625,71.7314567565918
2572,True,-0.004701851824730543,-0.008557688668515421,0.9999523281407324,78.66278076171875,71.7433967590332
2573,True,-0.005352944067356905,-0.008782998458940159,0.9999471010647923,78.6871337890625,71.72903823852539
2574,True,-0.005230571397297497,-0.008458082925930624,0.9999505497553746,78.68255615234375,71.7497444152832
2575,True,-0.00510205938152696,-0.008570498535519064,0.9999502565352538,78.67774963378906,71.74258041381836
2576,True,-0.004665946792866385,-0.008671421083207436,0.9999515165231382,78.66143798828125,71.73614883422852
2577,True,-0.004853613312146232,-0.008545178096114268,0.9999517100185998,78.66845703125,71.74419403076172
2578,True,-0.003895724655340737,-0.008475861120541812,0.999956490607304,78.63262939453125,71.74861145019531
2579,True,-0.0023430139701178013,-0.00874271329236709,0.9999590367859191,78.5745544433594,71.73160552978516
2580,True,-0.0022606117559773775,-0.008422466669429807,0.9999619751218998,78.57147216796875,71.75201416015625
2581,True,-0.0023756582034212027,-0.008387089839370072,0.9999620057642824,78.5757751464844,71.75426864624023
2582,True,-0.0021116978974488948,-0.008812209685225256,0.9999589420033472,78.56590270996094,71.72717666625977
2583,True,-0.001615205547791683,-0.008939410121525914,0.9999587381775897,78.5473327636719,71.71907043457031
2584,True,-0.0014622214303129648,-0.008801913925998033,0.999960193317578,78.54161071777344,71.72783279418945
2585,True,-0.0016176526605782833,-0.008985022666379811,0.9999583254153915,78.54742431640625,71.7161636352539
2586,True,-0.0013027087970811737,-0.008723318942623015,0.9999611025717027,78.53564453125,71.73284149169922
2587,True,-0.001625814343695221,-0.008816459678587409,0.9999598125757132,78.5477294921875,71.7269058227539
2588,True,-0.00158583154273619,-0.008989691665980983,0.9999583344230242,78.5462341308594,71.71586608886719
2589,True,-0.0015030116925695675,-0.00924654619823138,0.9999561202069098,78.54313659667969,71.69949722290039
2590,True,-0.0012831247834676459,-0.008880389136945098,0.999959745329564,78.534912109375,71.72283172607422
2591,True,-0.001169303208735093,-0.008876079286957944,0.9999599231701727,78.53065490722656,71.72310638427734
2592,True,-0.001070168405199979,-0.008858001858827623,0.999960194479087,78.5269470214844,71.72425842285156
2593,True,-0.001152982685296736,-0.009070321666551435,0.9999581990742377,78.53004455566406,71.71072769165039
2594,True,-0.0018771174752912458,-0.008930191835920297,0.9999583631850667,78.55712890625,71.71965789794922
2595,True,-0.0018918092289679008,-0.008622157003580943,0.9999610389742427,78.55767822265625,71.73928833007812
2596,True,-0.0021757548168762015,-0.008448984320246527,0.9999619396531715,78.56829833984375,71.75032424926758
2597,True,-0.0019158821503925778,-0.008433181477133117,0.9999626047236765,78.55857849121094,71.7513313293457
2598,True,-0.0018428566211479145,-0.00843192443270407,0.999962752571232,78.55584716796875,71.75141143798828
2599,True,-0.0017718708444200662,-0.008434438521548843,0.9999628596705665,78.5531921386719,71.75125122070312
2600,True,-0.0019207769152148355,-0.008482565354851361,0.9999621776352557,78.55876159667969,71.74818420410156
2601,True,-0.0019432175815354362,-0.008319628410181107,0.9999635031782647,78.5596008300781,71.7585678100586
2602,True,-0.0014769121269228242,-0.0084862167680203,0.9999629007395902,78.54216003417969,71.74795150756836
2603,True,-0.0014683435093996468,-0.008595639391902629,0.9999619787525837,78.5418395996094,71.7409782409668
2604,True,-0.0015499368719349232,-0.008548051337741057,0.9999622635449902,78.5448913574219,71.74401092529297
2605,True,-0.002019502517034197,-0.008576484454197607,0.999961182008577,78.56245422363281,71.7421989440918
2606,True,-0.0020594849810549143,-0.008459220251591916,0.9999620993389439,78.56394958496094,71.74967193603516
2607,True,-0.002065606343879878,-0.008349378486123818,0.9999630098905298,78.5641784667969,71.75667190551758
2608,True,-0.0019179218150391034,-0.008442758958059586,0.9999625199961684,78.55865478515625,71.7507209777832
2609,True,-0.0018036927095375942,-0.00839020252196297,0.9999631749190817,78.55438232421875,71.75407028198242
2610,True,-0.0015988951739479723,-0.008352012295308306,0.9999638430587587,78.5467224121094,71.75650405883789
2611,True,-0.0015177100628285941,-0.008366438385495044,0.9999638489790054,78.54368591308594,71.75558471679688
2612,True,-0.0013569710883534181,-0.008451139253234954,0.9999633677664337,78.53767395019531,71.75018692016602
2613,True,-0.0010709877647979021,-0.008488371700329206,0.9999633995957475,78.5269775390625,71.7478141784668
2614,True,-0.001159514613284478,-0.0086285020745515,0.9999621015207582,78.53028869628906,71.73888397216797
2615,True,-0.0011550269752869222,-0.008632213342316664,0.9999620746835848,78.5301208496094,71.7386474609375
2616,True,-0.0012382517474522265,-0.00861551263643779,0.9999621191198301,78.5332336425781,71.73971176147461
2617,True,-0.0012243805981837679,-0.008651667566558571,0.9999618240415323,78.53271484375,71.73740768432617
2618,True,-0.0012806794560033371,-0.008662382353281518,0.9999616607610996,78.5348205566406,71.73672485351562
2619,True,-0.0014038842322084692,-0.008679202770655606,0.9999613495272347,78.5394287109375,71.73565292358398
2620,True,-0.0013361635329904192,-0.008572354170342265,0.9999623639972613,78.5368957519531,71.74246215820312
2621,True,-0.0012349881044342282,-0.008609227423925248,0.9999621772884938,78.5331115722656,71.7401123046875
2622,True,-0.0012309082744318253,-0.008627364750535155,0.9999620260001282,78.532958984375,71.73895645141602
2623,True,-0.0011476850340773866,-0.008489149870319956,0.999963307903616,78.52984619140625,71.74776458740234
2624,True,-0.00123090949378628,-0.008511776657031865,0.9999630165760927,78.532958984375,71.74632263183594
2625,True,-0.0011868489473116934,-0.008553498524798099,0.9999627138311522,78.53131103515625,71.7436637878418
2626,True,-0.0011811401888973878,-0.008278145897636032,0.9999650379930048,78.5310974121094,71.76121139526367
2627,True,-0.001147687283119582,-0.008255100051172958,0.9999652674653482,78.52984619140625,71.76268005371094
2628,True,-0.0013125051560382386,-0.008253064833352346,0.9999650815158857,78.5360107421875,71.76280975341797
2629,True,-0.0011399359122483434,-0.008258871189985464,0.9999652451924433,78.52955627441406,71.7624397277832
2630,True,-0.001076701630622994,-0.00822540981134614,0.9999655910815302,78.5271911621094,71.76457214355469
2631,True,-0.0012541646431237184,-0.008399001835776127,0.9999639412694893,78.53382873535156,71.75350952148438
2632,True,-0.0011374873041626985,-0.008345487631540747,0.9999645288503111,78.52946472167969,71.75691986083984
2633,True,-0.0009371764428051419,-0.008366438385495044,0.9999645615765875,78.52197265625,71.75558471679688
2634,True,-0.0006662885082220594,-0.008244085930794584,0.9999657949684027,78.5118408203125,71.76338195800781
2635,True,-0.0005532826439567639,-0.008131670014750582,0.9999667843589042,78.50761413574219,71.77054595947266
2636,True,-0.000547570936359571,-0.008173930749314127,0.9999664429480497,78.50740051269531,71.76785278320312
2637,True,-0.0004198779709059571,-0.008103895246443381,0.9999670747501259,78.50262451171875,71.7723159790039
2638,True,-0.000780520971494742,-0.007894387095909911,0.9999685342246489,78.51611328125,71.7856674194336
2639,True,-0.0003578671869820093,-0.00809988466515781,0.99996713135957,78.50030517578125,71.7725715637207
2640,True,-0.00033012561979460774,-0.008060197861243738,0.9999674615843822,78.499267578125,71.77510070800781
2641,True,-2.1703326125954674e-05,-0.008355663712490951,0.9999650905971115,78.48773193359375,71.75627136230469
2642,True,-0.000692806435809208,-0.008211163282401509,0.9999660478320213,78.51283264160156,71.7654800415039
2643,True,-0.0003847923200848797,-0.00829269171534879,0.9999655410057812,78.5013122558594,71.76028442382812
2644,True,-0.0007682793715437856,-0.008313462900562656,0.9999651474333534,78.5156555175781,71.75896072387695
2645,True,-0.0005683764647509665,-0.008325734060171185,0.9999651789440239,78.5081787109375,71.7581787109375
2646,True,-0.0005789824643350416,-0.008548829507336169,0.9999632904728855,78.5085754394531,71.74396133422852
2647,True,-0.00019427242857794126,-0.008397684931709401,0.9999647199506647,78.49418640136719,71.75359344482422
2648,True,-0.00020079969376254314,-0.00849878720593302,0.9999638644948683,78.49443054199219,71.74715042114258
2649,True,0.00018717444695408818,-0.008531590056632236,0.9999635878054921,78.47991943359375,71.74505996704102
2650,True,0.0004478636310502697,-0.008535540764309376,0.999963471313842,78.47016906738281,71.74480819702148
2651,True,0.000610232997958161,-0.008614255593962504,0.9999627104128684,78.46409606933594,71.73979187011719
2652,True,0.0006396069974306301,-0.008505850594266177,0.9999636200425278,78.46299743652344,71.74670028686523
2653,True,0.0006848907982696581,-0.008547093590539966,0.9999632383821662,78.4613037109375,71.74407196044922
2654,True,0.0010667475669470419,-0.008285807892369915,0.9999651031097031,78.447021484375,71.76072311401367
2655,True,0.0008407335641914006,-0.008483642821044125,0.9999636598254753,78.4554748535156,71.74811553955078
2656,True,0.0009769938629195173,-0.008458262503667345,0.9999637509822098,78.45037841796875,71.7497329711914
2657,True,0.0008178864897060547,-0.0086364633423533,0.9999623705733262,78.4563293457031,71.73837661743164
2658,True,0.0006236962042514906,-0.008540389359912855,0.9999633357041776,78.4635925292969,71.74449920654297
2659,True,0.0008578665628430813,-0.008687882344496928,0.9999618916565414,78.454833984375,71.73509979248047
2660,True,0.0006995772092771431,-0.008597076012103444,0.9999627997459558,78.46075439453125,71.74088668823242
2661,True,0.0007069206323535431,-0.008585403472458454,0.9999628948668218,78.4604797363281,71.74163055419922
2662,True,0.000705289966030039,-0.008386610965117799,0.9999645830341111,78.4605407714844,71.75429916381836
2663,True,0.0007350714727564763,-0.00837344192242689,0.9999646719461152,78.45942687988281,71.7551383972168
2664,True,0.0009157997939521483,-0.008381403207500134,0.9999644560638197,78.4526672363281,71.75463104248047
2665,True,0.0005567906452329418,-0.008418396239434236,0.9999644096611305,78.4660949707031,71.75227355957031
2666,True,0.00013373167757193023,-0.00802727516359328,0.99996777196532,78.48191833496094,71.7771987915039
2667,True,-0.0002930009611531087,-0.0079580776107557,0.9999682910728609,78.49787902832031,71.78160858154297
2668,True,-0.00025669216922059054,-0.007857274187136453,0.9999690981982785,78.49652099609375,71.78803253173828
2669,True,-0.0005018792084311743,-0.008073785953910714,0.9999672805135329,78.50569152832031,71.77423477172852
2670,True,-0.000705046459067525,-0.008025419520375422,0.9999675472489158,78.51329040527344,71.77731704711914
2671,True,-0.0006597621305509376,-0.00804571187535183,0.9999674150862866,78.5115966796875,71.7760238647461
2672,True,-0.0005953036642075013,-0.008015123692987371,0.99996770118126,78.5091857910156,71.77797317504883
2673,True,-0.0006238623752071355,-0.00779400263870424,0.9999694316920916,78.51025390625,71.79206466674805
2674,True,-0.0003652121061279919,-0.007563183936357659,0.9999713320235047,78.5005798339844,71.8067741394043
2675,True,-0.00039784902055384756,-0.007722590153475732,0.9999701012117703,78.5018005371094,71.79661560058594
2676,True,-0.00036806748331363957,-0.007703854096748801,0.9999702571368728,78.50068664550781,71.79780960083008
2677,True,-0.0005096313288422174,-0.007884570133999702,0.9999687864277118,78.5059814453125,71.78629302978516
2678,True,-0.00048433763857126373,-0.007824111998203768,0.9999692738721982,78.5050354003906,71.79014587402344
2679,True,-0.0007487012478573084,-0.0076097547551032705,0.9999707651121649,78.5149230957031,71.80380630493164
2680,True,-0.0006548678548460504,-0.0077921469920622845,0.9999694263292987,78.51141357421875,71.79218292236328
2681,True,-0.0006116235035579404,-0.007766706672493837,0.9999696516315649,78.5097961425781,71.79380416870117
2682,True,-0.0008682373697200709,-0.007344815664228493,0.9999726495493405,78.51939392089844,71.8206901550293
2683,True,-0.0008776207365081508,-0.007328952823671547,0.9999727577451054,78.5197448730469,71.82170104980469
2684,True,-0.0007531908598587218,-0.007257540088494766,0.9999733800533855,78.51509094238281,71.82625198364258
2685,True,-0.0006397742116380472,-0.007563064217008084,0.9999711949594385,78.51084899902344,71.80678176879883
2686,True,-0.00021059315240621208,-0.007090411397419015,0.9999748405418706,78.49479675292969,71.8369026184082
2687,True,5.581069701166237e-05,-0.006732448855682334,0.9999773352519404,78.4848327636719,71.85971450805664
2688,True,9.211998047332349e-05,-0.006798654034306705,0.9999768846414556,78.48347473144531,71.85549545288086
2689,True,0.00036831562480527243,-0.006748311762844002,0.9999771620551902,78.47314453125,71.85870361328125
2690,True,0.0002475565547143096,-0.0067399313592718165,0.999977255761862,78.4776611328125,71.85923767089844
2691,True,9.415991804680278e-05,-0.006658521700024756,0.9999778273655272,78.4833984375,71.86442565917969
2692,True,3.182578266873691e-06,-0.006556160962966923,0.9999785081406994,78.48680114746094,71.8709487915039
2693,True,0.00014923588871291503,-0.006656845618339465,0.9999778318218174,78.48133850097656,71.86453247070312
2694,True,0.00015821141490082838,-0.006480737217958511,0.9999789872863629,78.48100280761719,71.8757553100586
2695,True,0.0001467881111657846,-0.00661236958680126,0.9999781272716409,78.48143005371094,71.86736679077148
2696,True,8.477663935392194e-05,-0.006596985545925223,0.9999782360604795,78.48374938964844,71.86834716796875
2697,True,0.00015372351419481857,-0.0067017406570076595,0.9999775312682018,78.4811706542969,71.8616714477539
2698,True,0.0003026322394094462,-0.006862644363989122,0.9999764059846917,78.47560119628906,71.8514175415039
2699,True,0.00035689265161624684,-0.006671810632724211,0.9999776795361567,78.47357177734375,71.86357879638672
2700,True,0.00040299297447293243,-0.006780995332241367,0.9999769275833151,78.47184753417969,71.85662078857422
2701,True,0.0001459722533560411,-0.0065261111896395396,0.9999786940554493,78.48146057128906,71.87286376953125
2702,True,0.00011986221291736439,-0.006434285750278995,0.9999792925855683,78.48243713378906,71.87871551513672
2703,True,6.478612916935699e-05,-0.006514677907800477,0.9999787771620531,78.4844970703125,71.87359237670898
2704,True,0.0001594352646071703,-0.006540597336084546,0.9999785973544052,78.48095703125,71.87194061279297
2705,True,0.00010721503038366213,-0.006562865294057832,0.9999784584200149,78.48291015625,71.87052154541016
2706,True,1.9093410655935233e-05,-0.006666902108170526,0.9999777757789028,78.4862060546875,71.8638916015625
2707,True,4.4064901925062395e-06,-0.006533054962486747,0.9999786593590085,78.48675537109375,71.87242126464844
2708,True,-1.5584065831332707e-05,-0.006509110916858413,0.9999788153917106,78.48750305175781,71.87394714355469
2709,True,-2.0887671655647785e-05,-0.006591418557985933,0.9999782761465864,78.4877014160156,71.86870193481445
2710,True,2.072528560619488e-05,-0.006706828760539513,0.9999775087562917,78.48614501953125,71.86134719848633
2711,True,0.00011374246776831027,-0.006681029080841706,0.9999776752073377,78.482666015625,71.86299133300781
2712,True,8.763236997912659e-05,-0.006702578697601318,0.9999775336273162,78.483642578125,71.86161804199219
2713,True,0.00020104812019899293,-0.006639306619583212,0.999977939350296,78.4794006347656,71.86565017700195
2714,True,-0.0002362958489091224,-0.006688451726965268,0.9999776041380967,78.4957580566406,71.86251831054688
2715,True,-9.840187728628304e-05,-0.00682768613309158,0.9999766862378036,78.4906005859375,71.85364532470702
2716,True,-0.0001942747236159731,-0.006848038528809805,0.9999765330374707,78.49418640136719,71.85234832763672
2717,True,-0.00027097270874686455,-0.007008702634743793,0.9999754020280542,78.49705505371094,71.84210968017578
2718,True,-0.0003982585409892092,-0.007199835219268047,0.999974001543515,78.50181579589844,71.82992935180664
2719,True,-0.00031952065784374335,-0.007176250442152408,0.9999741993352332,78.4988708496094,71.8314323425293
2720,True,-0.0003880590558657314,-0.007296029941162415,0.9999733083224106,78.5014343261719,71.82379913330078
2721,True,-6.739604926741022e-05,-0.007109925717639317,0.9999747218875397,78.48944091796875,71.83565902709961
2722,True,-0.0005863322836137282,-0.007143985981716157,0.9999743095093725,78.50885009765625,71.83348846435547
2723,True,-0.0004957631487917722,-0.007166433427150241,0.9999741978925429,78.5054626464844,71.83205795288086
2724,True,-0.0005610382892736718,-0.00712758437930887,0.9999744410618473,78.5079040527344,71.83453369140625
2725,True,-0.0003721483755517603,-0.00726526200381311,0.9999735383866927,78.50083923339844,71.82575988769531
2726,True,-0.0005549184419094856,-0.007207018399320387,0.9999738751344031,78.50767517089844,71.82947158813477
2727,True,-0.0004370153694106689,-0.007258857004316114,0.9999735586567066,78.5032653808594,71.82616806030273
2728,True,-0.0005406393685398073,-0.007251733686768757,0.9999735596842595,78.50714111328125,71.82662200927734
2729,True,-0.00011064065722031712,-0.007226832002369339,0.9999738799877997,78.4910583496094,71.82820892333984
2730,True,3.2678302200195026e-07,-0.0075564197929366105,0.9999714498523475,78.4869079589844,71.80720520019531
2731,True,1.9909210527575697e-05,-0.007651656505938276,0.9999707254496696,78.4861755371094,71.8011360168457
2732,True,-0.00012287942711193187,-0.007542053469479793,0.9999715507603752,78.49151611328125,71.80812072753906
2733,True,-0.00045251734690994645,-0.007504820740616327,0.9999717360474254,78.50384521484375,71.81049346923828
2734,True,-0.0004174315701338757,-0.007680868004291119,0.9999704145711437,78.5025329589844,71.79927444458008
2735,True,-0.0003733709511032092,-0.007739889577247813,0.9999699769010393,78.5008850097656,71.79551315307617
2736,True,-0.0003203348337332918,-0.007905401247391242,0.9999687005185273,78.4989013671875,71.78496551513672
2737,True,-0.0004419092508001877,-0.007782210303136063,0.9999696204980488,78.5034484863281,71.79281616210938
2738,True,-0.0005822499278655928,-0.0077590446458498255,0.9999697286474252,78.5086975097656,71.79429244995117
2739,True,-0.0006426294727699704,-0.007667459448482452,0.9999703981083473,78.5109558105469,71.80012893676758
2740,True,-0.0005700113789683718,-0.007655188224324331,0.99997053615608,78.50823974609375,71.80091094970702
2741,True,-0.0006801622342957748,-0.007708044269414765,0.9999700612682741,78.5123596191406,71.79754257202148
2742,True,-0.0009057687915731455,-0.007586768646107989,0.9999708098361705,78.52079772949219,71.80527114868164
2743,True,-0.000766652160275966,-0.007548997192678477,0.9999712120285514,78.5155944824219,71.80767822265625
2744,True,-0.0005712357602213946,-0.0075446872955635,0.999971375281972,78.50828552246094,71.80795288085938
2745,True,-0.0006458940324206281,-0.007499493227113368,0.9999716698098178,78.5110778808594,71.81083297729492
2746,True,-0.0006511972328213962,-0.007576652362492617,0.9999710847225243,78.51127624511719,71.80591583251952
2747,True,-0.000616111887250272,-0.007608617421679729,0.9999708642490904,78.50996398925781,71.80387878417969
2748,True,-0.00058388253284531,-0.0075944905425463435,0.9999709909765319,78.5087585449219,71.80477905273438
2749,True,-0.0004822985580878101,-0.007622025983520351,0.9999708356287234,78.50495910644531,71.80302429199219
2750,True,-0.00036725185794807085,-0.007593951805600216,0.9999710980933635,78.50065612792969,71.80481338500977
2751,True,0.002528511124522616,-0.006888982751593453,0.9999730739115636,78.39234924316406,71.84973907470702
2752,True,0.0030792653257380384,-0.007004033561172356,0.9999707303911088,78.37174987792969,71.8424072265625
2753,True,0.002857737319262257,-0.0070893339195367095,0.9999707869142935,78.3800354003906,71.83697128295898
2754,True,0.0022918862860021524,-0.007089513499184333,0.999972242642563,78.40119934082031,71.83695983886719
2755,True,0.002489749841661757,-0.007135366161712246,0.9999714434399936,78.393798828125,71.83403778076172
2756,True,0.002672514420600717,-0.00738456254715798,0.9999691624758529,78.386962890625,71.81815719604492
2757,True,0.0025448200207460955,-0.007428619319419986,0.9999691692777678,78.39173889160156,71.81534957885742
2758,True,0.002463633955243287,-0.007466869684733354,0.9999690877046379,78.394775390625,71.81291198730469
2759,True,0.0024664888575237137,-0.007513620116384997,0.9999687304838398,78.39466857910156,71.80993270874023
2760,True,0.002505247801336845,-0.007399347905755826,0.9999694862264665,78.3932189941406,71.81721496582031
2761,True,0.002541966350182969,-0.0073168012879594405,0.9999700009630225,78.391845703125,71.82247543334961
2762,True,0.0026423249418615897,-0.0073819287179265145,0.9999692621512449,78.3880920410156,71.81832504272461
2763,True,0.002628045030653939,-0.007437298980735997,0.9999688894976623,78.38862609863281,71.8147964477539
2764,True,0.00258765691689811,-0.007407548691001524,0.9999692156531975,78.39013671875,71.81669235229492
2765,True,0.0026015278131657532,-0.007405932477890311,0.9999691916340074,78.3896179199219,71.8167953491211
2766,True,0.002529725577268316,-0.007411499434080791,0.9999693346121382,78.3923034667969,71.81644058227539
2767,True,0.002654155254870378,-0.007418562883540214,0.9999689597105632,78.38764953613281,71.81599044799805
2768,True,0.002544412119747821,-0.007425147454736832,0.99996919610168,78.3917541503906,71.81557083129883
2769,True,0.0025342142546570566,-0.007355710142333105,0.9999697351852272,78.39213562011719,71.81999588012695
2770,True,0.0023971380907274833,-0.007314885774842154,0.9999703726486476,78.39726257324219,71.82259750366211
2771,True,0.002611727613922921,-0.007373009614012451,0.9999694083361261,78.38923645019531,71.81889343261719
2772,True,0.002173978915471434,-0.00738456254715798,0.99997037058688,78.4056091308594,71.81815719604492
2773,True,0.0017766190297089238,-0.007366963778139791,0.9999712853224911,78.42047119140625,71.81927871704102
2774,True,0.0021193126519063986,-0.007299022930808771,0.9999711159719259,78.40765380859375,71.8236083984375
2775,True,0.0027851149275952706,-0.007299441949354042,0.9999694801753042,78.38275146484375,71.82358169555664
2776,True,0.00205322205342078,-0.007290642559634285,0.9999713149937187,78.4101257324219,71.82414245605469
2777,True,0.0017166481955804328,-0.0073362557165346405,0.9999716158326867,78.42271423339844,71.82123565673828
2778,True,0.0015073609499470849,-0.007320572454330631,0.9999720681508596,78.4305419921875,71.82223510742188
2779,True,0.0015000184589677597,-0.007235451816707848,0.9999726987181354,78.4308166503906,71.8276596069336
2780,True,0.001283795569143679,-0.007212824802924246,0.9999731631535412,78.43890380859375,71.8291015625
2781,True,0.0013543738885616594,-0.007231501068536064,0.9999729351655802,78.43626403808594,71.82791137695312
2782,True,0.0013482536990137646,-0.007299621528730196,0.9999724484892073,78.4364929199219,71.82357025146484
2783,True,0.0013980263225800065,-0.007246944901656103,0.9999727632850776,78.43463134765625,71.8269271850586
2784,True,0.0016391366752548447,-0.007139855651363816,0.9999731674861269,78.42561340332031,71.8337516784668
2785,True,0.0015322482758270432,-0.007204564146177642,0.9999728728674017,78.42961120605469,71.82962799072266
2786,True,0.001470644655490256,-0.007245149107196004,0.9999726721359498,78.4319152832031,71.82704162597656
2787,True,0.0016305684847223011,-0.007213124102072495,0.9999726556696962,78.4259338378906,71.82908248901367
2788,True,0.001519190879540788,-0.007422034748393083,0.9999713023178541,78.43009948730469,71.81576919555664
2789,True,0.0012674747659239146,-0.007436161645836821,0.9999715480990921,78.43951416015625,71.81486892700195
2790,True,0.0010789928608986488,-0.0075427717856896325,0.9999709707627493,78.4465637207031,71.80807495117188
2791,True,0.0010365651930444497,-0.007421974888654997,0.9999719195164195,78.4481506347656,71.8157730102539
2792,True,7.172122120222052e-05,-0.007334100764582929,0.9999731025492843,78.48423767089844,71.82137298583984
2793,True,8.7631955086345e-05,-0.007375164565347468,0.9999727992641972,78.483642578125,71.81875610351562
2794,True,-2.8638976162124785e-05,-0.0072554449951166815,0.9999736785024553,78.48799133300781,71.82638549804688
2795,True,-5.3933025743914074e-05,-0.0072407793405788335,0.9999737837592392,78.48893737792969,71.82732009887695
2796,True,-0.00012124768433838299,-0.007401263417682597,0.9999726029241107,78.491455078125,71.81709289550781
2797,True,-6.943576790513396e-05,-0.007360199624814566,0.9999729109531702,78.48951721191406,71.81970977783202
2798,True,-0.00021304063276422256,-0.007307642740624841,0.9999732761285494,78.49488830566406,71.82305908203125
2799,True,-1.7623817148878203e-05,-0.007340026882368147,0.9999730614845418,78.4875793457031,71.82099533081055
2800,True,0.00011537386804394907,-0.007277174104888491,0.9999735143622143,78.48260498046875,71.82500076293945
2801,True,0.00018799221489685893,-0.007295311623637564,0.9999733711890738,78.4798889160156,71.82384490966797
2802,True,0.00014066792356733413,-0.007261670415346813,0.9999736238298059,78.4816589355469,71.82598876953125
2803,True,1.9586573058147987e-06,-0.00727250504026834,0.999973554983632,78.4868469238281,71.82529830932617
2804,True,-0.00030075379116355943,-0.007317639324939811,0.9999731804912906,78.4981689453125,71.82242202758789
2805,True,-0.00043823907955515965,-0.007319913996717764,0.9999731130413406,78.50331115722656,71.8222770690918
2806,True,-0.000613257238568813,-0.007364150369275536,0.9999726962297011,78.5098571777344,71.8194580078125
2807,True,-0.0006813888756727118,-0.007167331324892567,0.9999740821995734,78.51240539550781,71.83200073242188
2808,True,-0.001122402895315474,-0.0071637995937394285,0.9999737097479721,78.5289001464844,71.83222579956055
2809,True,-0.000882517409600664,-0.0071637995937394285,0.999973950229906,78.5199279785156,71.83222579956055
2810,True,-0.0006475289796327583,-0.006836665131551703,0.9999764200800434,78.5111389160156,71.85307312011719
2811,True,-0.00036521466778312696,-0.006570706966655902,0.9999783459796542,78.5005798339844,71.87002182006836
2812,True,-0.000818875777421632,-0.00690957457857438,0.9999757933178204,78.5175476074219,71.84842681884766
2813,True,0.00022511739656101704,-0.007256043593227955,0.999973649229584,78.47850036621094,71.82634735107422
2814,True,-0.0004390555629882181,-0.00714769729294329,0.9999743584980672,78.50334167480469,71.833251953125
2815,True,-0.0010159229971015925,-0.007180739930490054,0.9999737020914673,78.52491760253906,71.83114624023438
2816,True,-0.0005708275112600383,-0.0076097547551032705,0.9999708824703445,78.5082702636719,71.80380630493164
2817,True,-0.0010016408288060672,-0.0076220858431683535,0.9999704498249182,78.5243835449219,71.80302047729492
2818,True,-0.001302716610689866,-0.008006324351464821,0.9999671003087108,78.53564453125,71.77853393554688
2819,True,-0.002027263289345958,-0.008013447627983285,0.9999658368467741,78.562744140625,71.77807998657227
2820,True,-0.002469481515530601,-0.008779825927764913,0.9999584072938847,78.57928466796875,71.72924041748047
2821,True,-0.004109474390313789,-0.009084627948555085,0.999950289642076,78.640625,71.7098159790039
2822,True,-0.005881859827336963,-0.012110390117097102,0.9999093669809196,78.70692443847656,71.51698684692383
2823,True,-0.0034756043967962788,-0.016134407238497586,0.9998637912621595,78.61692810058594,71.26052856445312
2824,True,-0.004149320969241492,-0.018530836684811865,0.9998196793558602,78.64213562011719,71.10779190063477
2825,True,-0.0008097602949962512,-0.01984455213153573,0.9998027495656149,78.5172119140625,71.0240592956543
2826,True,0.004261991344465204,-0.020422755754944948,0.9997823495527182,78.3274841308594,70.9872055053711
2827,True,-0.005242972408937688,-0.0179116734585764,0.9998258264288997,78.68304443359375,71.14725494384766
2828,True,-0.014654869405616298,-0.00845209700121721,0.9998568881889979,79.0350646972656,71.75012588500977
2829,True,0.012561382021205174,0.010568202141610018,0.9998652533142711,78.01707458496094,72.96222305297852
2830,True,0.03436622292653404,0.038635267682744265,0.9986622446116837,77.20037841796875,74.75141143798828
2831,False,-0.054614696830939356,0.05320796772254856,0.9970888360928031,80.5334777832031,75.6810531616211
2832,False,-0.0670601081384436,0.06639802319250122,0.9955371637526087,81.0024719238281,76.52310943603516
2833,False,-0.02531197149955169,0.07893631265482647,0.9965582585294577,79.4366760253906,77.3242416381836
2834,False,-0.0374398096352956,0.07871420183971643,0.9961939244360051,79.89189147949219,77.31004333496092
2835,False,-0.028351112984031056,0.0817232816478899,0.9962517350696392,79.55097961425781,77.5024185180664
2836,False,-0.036625486086671905,0.07447736821133247,0.9965498960881128,79.8608703613281,77.03925323486328
2837,False,-0.03910616366009794,0.07803614894593147,0.996183249920153,79.9543762207031,77.2667007446289
2838,False,-0.036286564254711516,0.08502686123504952,0.995717689971964,79.84930419921875,77.71367645263672
2839,False,-0.040440814084312264,0.08407107705993323,0.9956387871905056,80.00523376464844,77.65254974365234
2840,False,-0.03186037895178591,0.08864934322773062,0.9955532181648254,79.6834411621094,77.94539642333984
2841,False,-0.047129973800409355,0.08169357035687629,0.9955425285400513,80.2561950683594,77.50051879882812
2842,False,-0.051564797822074106,0.07735543394435582,0.9956692264325785,80.4221496582031,77.22319030761719
2843,False,-0.0694959249258962,0.07091166764170723,0.9950587177704471,81.09480285644531,76.8114242553711
2844,False,-0.06574533964836714,0.06374485567119757,0.9957982444702236,80.95265197753906,76.35367584228516
2845,False,-0.05162550693904699,0.06060773679783276,0.9968257165992113,80.42218017578125,76.15337371826172
2846,False,-0.03992916955168576,0.05574973231875248,0.9976460438278199,79.9830322265625,75.84326934814453
2847,True,0.01942310599422189,0.04746366494888109,0.9986841059429942,77.7596130371094,75.31452941894531
2848,True,0.021253075535698877,0.03834563363576806,0.9990384973369871,77.69139099121094,74.73294067382812
2849,True,0.021021165610832396,0.01961040144900261,0.9995866859614383,77.70050048828125,73.53850936889648
2850,True,0.015198489439431417,0.008246042776522125,0.9998504931724979,77.91844177246094,72.81423568725586
2851,True,-0.0011713807283772273,0.003795911891801042,0.9999921094289189,78.5307312011719,72.53064346313477
2852,True,-0.012365193193376572,-0.001508934663087976,0.9999224095465972,78.94940185546875,72.19258880615234
2853,True,-0.015059805132216008,-0.005858370233710918,0.9998694323598378,79.0502014160156,71.9154167175293
2854,True,-0.012240848142644135,-0.007484229001853707,0.9998970686790698,78.94476318359375,71.81180572509766
2855,True,-0.010319724100931836,-0.008972512140842093,0.9999064942885224,78.87290954589844,71.71696090698242
2856,True,-0.009799941503214846,-0.009676571148777157,0.9999051580611714,78.85346984863281,71.67209243774414
2857,True,-0.006980898435172197,-0.011552760478524009,0.9999088962412344,78.74803161621094,71.55252456665039
2858,True,-0.006633657667850216,-0.012573502387699002,0.9998989457058409,78.73504638671875,71.48747253417969
2859,True,-0.004603616956998121,-0.014635176819925218,0.9998823022287987,78.65911865234375,71.3560791015625
2860,True,-0.0030493814720532323,-0.014919008521357791,0.9998840555071261,78.6009826660156,71.3379898071289
2861,True,-0.004019839317897876,-0.015093365106485427,0.999878008169807,78.63728332519531,71.32687759399414
2862,True,-0.005048974909961254,-0.01596077171746785,0.9998598709912011,78.67578125,71.2715950012207
2863,True,-0.005429805880808541,-0.017791610652027647,0.9998269729300682,78.6900329589844,71.1549072265625
2864,True,-0.00662576242469515,-0.018021561224678042,0.9998156443081477,78.7347717285156,71.14025115966797
2865,True,-0.008011428011791158,-0.017864450381435925,0.9998083208464417,78.78660583496094,71.15026473999023
2866,True,-0.01059697025136093,-0.018448661050984708,0.9997736499462855,78.8833312988281,71.11302947998047
2867,True,-0.009780614769038583,-0.019370062295139916,0.9997645424105729,78.85279846191406,71.05430221557617
2868,True,-0.01025727805864524,-0.018031077638643332,0.9997848110898748,78.87062072753906,71.13964462280273
2869,True,-0.01058089369111363,-0.01718159669330418,0.9997963979849928,78.8827209472656,71.19378662109375
2870,True,-0.00976674926639527,-0.017064106018391242,0.999806694763823,78.8522644042969,71.20127487182617
2871,True,-0.009388522916810598,-0.017689503197863114,0.9997994484465639,78.83811950683594,71.16141510009766
2872,True,-0.012612388859666689,-0.014124911268347876,0.999820691188632,78.95869445800781,71.38859939575195
2873,True,-0.011587859799584675,-0.013259456639917675,0.9998449421359691,78.92036437988281,71.44375610351562
2874,True,-0.011171782903050813,-0.013270649734355515,0.9998495292404729,78.90480041503906,71.44304275512695
2875,True,-0.01103875843217557,-0.013562088593126553,0.9998470960928317,78.89982604980469,71.42446899414062
2876,True,-0.009810650868042904,-0.012482400506949966,0.999873962460834,78.8538818359375,71.49327850341797
2877,True,-0.009107452736376583,-0.0118349277607115,0.9998884881773334,78.82757568359375,71.53454208374023
2878,True,-0.00808440115992331,-0.011292500149717659,0.9999035562984332,78.789306640625,71.56911087036133
2879,True,-0.007417060794032441,-0.010666746942901692,0.999915600297762,78.76434326171875,71.60898971557617
2880,True,-0.005462213655918974,-0.010010641361060682,0.9999349735265376,78.69122314453125,71.65080261230469
2881,True,-0.005299885676183119,-0.009282102336083743,0.9999428752624032,78.6851501464844,71.69723129272461
2882,True,-0.0060591266657132005,-0.008605037282061245,0.9999446186251634,78.71354675292969,71.7403793334961
2883,True,-0.006498070552792896,-0.008900561627051733,0.9999392756971865,78.72996520996094,71.7215461730957
2884,True,-0.006016281630307324,-0.008788266057677362,0.9999432837591562,78.7119445800781,71.72870254516602
2885,True,-0.005572014476829313,-0.008837889220154868,0.999945420694951,78.69532775878906,71.72554016113281
2886,True,-0.005812730533875342,-0.008406184948610868,0.9999477727453321,78.70433044433594,71.7530517578125
2887,True,-0.005240353131223787,-0.008664956296312662,0.9999487273012767,78.68292236328125,71.7365608215332
2888,True,-0.005055995764714476,-0.0077016392911421405,0.9999575599289483,78.676025390625,71.7979507446289
2889,True,-0.005315889913929841,-0.007128063258238468,0.9999604652328059,78.68574523925781,71.83450317382812
2890,True,-0.005227357769041478,-0.0072383250880345765,0.9999601398959231,78.68243408203125,71.82747650146484
2891,True,-0.005415834592365947,-0.007288008728587951,0.9999587759825103,78.6894836425781,71.82431030273438
2892,True,-0.005428504010133877,-0.006692881370444091,0.999962867652181,78.68995666503906,71.86223602294922
2893,True,-0.005726323034504843,-0.006547241807755288,0.99996217070908,78.70109558105469,71.87151718139648
2894,True,-0.00540037119150965,-0.0062136410909077525,0.9999661127535209,78.68890380859375,71.89277648925781
2895,True,-0.005572135708592613,-0.005881895353421793,0.9999671767666659,78.69532775878906,71.9139175415039
2896,True,-0.004621995514372442,-0.005321122686394435,0.9999751610969252,78.6597900390625,71.94965362548828
2897,True,-0.004305420461984247,-0.004905031628390494,0.9999787017828781,78.64794921875,71.97616958618164
2898,True,-0.0037530322719007136,-0.004654514586711046,0.9999821249616057,78.6272888183594,71.99213409423828
2899,True,-0.003270814951806559,-0.004250933120057897,0.9999856155651239,78.6092529296875,72.01785278320312
2900,True,-0.0025899027225345502,-0.004604411142817834,0.9999860458035981,78.58378601074219,71.99532699584961
2901,True,-0.003284676895866597,-0.0048621713864999885,0.9999827849453699,78.6097717285156,71.97890090942383
2902,True,-0.003420938574162156,-0.004921553171745306,0.9999820375855006,78.6148681640625,71.97511672973633
2903,True,-0.004203842530902512,-0.004566219979487588,0.9999807384860342,78.64414978027344,71.99776077270508
2904,True,-0.002972583453696524,-0.004471580093184409,0.9999855842556337,78.59809875488281,72.00379180908202
2905,True,-0.0025315672579807975,-0.0041771246854139825,0.9999880713271437,78.58160400390625,72.02255630493164
2906,True,-0.0020660698534724496,-0.003993052456948723,0.9999898933926467,78.56419372558594,72.03428649902344
2907,True,-0.0025021957590338397,-0.003915053679615831,0.9999892056272753,78.58050537109375,72.03925704956055
2908,True,-0.0016984857462024236,-0.0037564221715418846,0.999991502183213,78.5504455566406,72.04936599731445
2909,True,-0.00036848389365969254,-0.003677405686718203,0.9999931704301962,78.5007019042969,72.05440139770508
2910,True,-0.0008021629638035934,-0.0036077873556678475,0.9999931701791647,78.51692199707031,72.058837890625
2911,True,-0.0010400122919552292,-0.003837414044141102,0.9999920962827088,78.52581787109375,72.04420471191406
2912,True,-0.0006463154128039336,-0.0038390302896813507,0.9999924220326982,78.51109313964844,72.04410171508789
2913,True,-0.001022469577128903,-0.0037727043533952514,0.9999923605997327,78.52516174316406,72.0483283996582
2914,True,-0.0009335311502150339,-0.003668905427125722,0.9999928338006019,78.52183532714844,72.0549430847168
2915,True,6.233926611876414e-05,-0.0034115030773100167,0.9999941788633419,78.4845886230469,72.07134628295898
2916,True,0.0004189112992482502,-0.003187203682004018,0.999994833109658,78.47125244140625,72.08563995361328
2917,True,0.0002569445700603907,-0.0029640414877036823,0.9999955742089797,78.47731018066406,72.09986114501952
2918,True,0.0004927560597875585,-0.0025423794798288767,0.9999966467434008,78.46849060058594,72.1267318725586
2919,True,0.0006331004455748808,-0.0025292698782537477,0.9999966009830777,78.46324157714844,72.12756729125977
2920,True,0.000798330034361684,-0.0031516461967959243,0.999994714883737,78.4570617675781,72.08790588378906
2921,True,0.0006906238643045294,-0.0032552657257462567,0.999994463126538,78.4610900878906,72.08130264282227
2922,True,0.0010822811405088477,-0.0033976751770840377,0.9999936422152512,78.4464416503906,72.07222747802734
2923,True,0.0007122468096227525,-0.0031818760455869836,0.9999946841705273,78.46028137207031,72.08597946166992
2924,True,0.0009513209018546726,-0.003317221926603634,0.9999940454958876,78.45133972167969,72.07735443115234
2925,True,0.0010202683573237064,-0.0034940514377245803,0.9999933753065715,78.4487609863281,72.06608581542969
2926,True,0.0008791094136874286,-0.003176907575588587,0.9999945671976898,78.45404052734375,72.08629608154297
2927,True,0.0014200875333489167,-0.002991876909172877,0.9999945159969419,78.4338073730469,72.09808731079102
2928,True,0.0012140591472099159,-0.002991158575744655,0.9999947895018063,78.44151306152344,72.0981330871582
2929,True,0.0009190915201713816,-0.003049702745048215,0.999994927279106,78.4525451660156,72.09440231323242
2930,True,0.0005306974003045453,-0.0029514706514473907,0.9999955035805226,78.4670715332031,72.10066223144531
2931,True,0.0005739429103730685,-0.003003489966047985,0.999995324807851,78.4654541015625,72.09734725952148
2932,True,0.0005976060932615791,-0.002710170368383844,0.9999961489143504,78.4645690917969,72.11603927612305
2933,True,0.0009035894412829596,-0.0026406116857920136,0.999996105340439,78.453125,72.1204719543457
2934,True,0.0009248040704329415,-0.0027235792695550105,0.9999958634181413,78.45233154296875,72.11518478393555
2935,True,0.0009978323016733859,-0.002625706252134339,0.9999960549909062,78.44960021972656,72.12142181396484
2936,True,0.0013319664136006142,-0.0024673733974034376,0.9999960689592688,78.4371032714844,72.13151168823242
2937,True,0.0013548138958441311,-0.00223577033247703,0.9999965828993258,78.4362487792969,72.14627075195312
2938,True,0.0013250316556041011,-0.0021882405075847335,0.9999967279419432,78.43736267089844,72.14929962158202
2939,True,0.0014013230134060895,-0.002344657909584307,0.999996269429591,78.43450927734375,72.13933181762695
2940,True,0.00166406126762283,-0.00216094377971223,0.9999962806041224,78.4246826171875,72.15103912353516
2941,True,0.0029447023457237972,-0.0020170971810522086,0.9999936300032403,78.37678527832031,72.16020584106445
2942,True,0.003227022200794912,-0.001989800443420482,0.9999928134851325,78.36622619628906,72.16194534301758
2943,True,0.0034077552832598775,-0.0020400839063140163,0.9999921125996867,78.3594665527344,72.15874099731445
2944,True,0.0033987790855164613,-0.002142267070238921,0.9999919294636971,78.35980224609375,72.15222930908202
2945,True,0.003248643729626949,-0.0021692046317392214,0.9999923704034864,78.36541748046875,72.1505126953125
2946,True,0.0031580723904650167,-0.0022603134390779666,0.9999924587525316,78.3688049316406,72.14470672607422
2947,True,0.003203356794555344,-0.0023867403467954435,0.9999920209560493,78.36711120605469,72.13665008544922
2948,True,0.0027476480796321235,-0.0022745005512979795,0.9999936385184021,78.3841552734375,72.14380264282227
2949,True,0.0030699507482925387,-0.0020786345577124914,0.9999931273167724,78.3721008300781,72.15628433227539
2950,True,0.0030307854268161903,-0.0020118892509615517,0.9999933832987788,78.3735656738281,72.16053771972656
2951,True,0.003074031449547899,-0.0019263474949857769,0.9999934197363379,78.3719482421875,72.16598892211914
2952,True,0.002468185506508802,-0.0019901596110305704,0.9999949736498819,78.39460754394531,72.16192245483398
2953,True,0.002151186864993476,-0.002056126724348348,0.9999955723591807,78.4064636230469,72.15771865844727
2954,True,-0.001387615142666102,-0.0020150618980347775,0.9999970070204025,78.538818359375,72.16033554077148
2955,True,-0.005484907215060803,-0.002609364149502018,0.999981553335649,78.69206237792969,72.12246322631836
2956,True,-0.004755028937411438,-0.0036552571224370296,0.9999820142358429,78.6647644042969,72.05581283569336
2957,True,-0.0036077843618312565,-0.005209542608058749,0.9999799220773451,78.6218566894531,71.9567642211914
2958,True,-0.0024781034606878197,-0.005736674079502966,0.9999804745962512,78.57960510253906,71.92317199707031
2959,True,-0.0013019188181415532,-0.006019753686277995,0.9999810336066117,78.5356140136719,71.90513229370117
2960,True,-0.002445873060650647,-0.005784382813241649,0.9999802791157639,78.5783996582031,71.92013168334961
2961,True,-0.002330010366996973,-0.005700159230549401,0.9999810394384666,78.5740661621094,71.92549896240234
2962,True,-0.003647350028867775,-0.0055911533823423155,0.9999777176725599,78.62333679199219,71.93244552612305
2963,True,-0.0038786652755931324,-0.005759181589148854,0.9999758936009923,78.6319885253906,71.92173767089844
2964,True,-0.003725276999348643,-0.005361109522448909,0.9999786901809291,78.6262512207031,71.94710540771484
2965,True,-0.0036718405213778966,-0.004956631516582312,0.9999809745146127,78.62425231933594,71.97288131713867
2966,True,-0.0038831673243112557,-0.005075335153359048,0.9999795807838341,78.63215637207031,71.96531677246094
2967,True,-0.0034029820040477384,-0.005256892316685603,0.9999803922060928,78.61419677734375,71.9537467956543
2968,True,-0.003248359050790767,-0.00536314478034272,0.999980342227557,78.60841369628906,71.94697570800781
2969,True,-0.0034180732253276816,-0.005459580062579126,0.9999792546652988,78.61476135253906,71.94083023071289
2970,True,-0.0035547448187207534,-0.005385233313112474,0.9999791813090096,78.619873046875,71.9455680847168
2971,True,-0.0038378776906519097,-0.0053192071491238654,0.999978488133688,78.6304626464844,71.94977569580078
2972,True,-0.003890503522391398,-0.005431385767398309,0.9999776817664422,78.63243103027344,71.942626953125
2973,True,-0.00370324373415328,-0.005503158497539424,0.9999780003742065,78.62542724609375,71.93805313110352
2974,True,-0.003989229203686154,-0.005570800827776443,0.9999765258387306,78.63612365722656,71.93374252319336
2975,True,-0.004024720515571396,-0.0056611302360525615,0.9999758763236352,78.637451171875,71.92798614501952
2976,True,-0.004441675063892586,-0.005238155960566489,0.9999764163442854,78.6530456542969,71.95494079589844
2977,True,-0.004579977205602283,-0.0052172047614506625,0.9999759020012798,78.65821838378906,71.9562759399414
2978,True,-0.0045722273654609695,-0.005150639793678673,0.9999762825420583,78.6579284667969,71.96051788330078
2979,True,-0.004566922567467887,-0.0052011621274361515,0.9999760452784792,78.65773010253906,71.9572982788086
2980,True,-0.003981481984903247,-0.0053779303296685255,0.9999776125826884,78.6358337402344,71.9460334777832
2981,True,-0.003684070160314442,-0.005452277082077392,0.9999783499164739,78.62471008300781,71.9412956237793
2982,True,-0.0036681615177698817,-0.0053410562449561945,0.9999790086343152,78.6241149902344,71.94838333129883
2983,True,-0.003811767625477436,-0.005317112030211834,0.9999785991446155,78.6294860839844,71.94990921020508
2984,True,-0.004135698053680162,-0.005221155559173711,0.9999778175220867,78.6416015625,71.95602416992188
2985,True,-0.004027178300860923,-0.005205531949520693,0.9999783419014912,78.6375427246094,71.9570198059082
2986,True,-0.004163031856036235,-0.005230134644604717,0.9999776571790816,78.64262390136719,71.95545196533202
2987,True,-0.003899888368165854,-0.0053584756592592485,0.9999780385635101,78.6327819824219,71.94727325439452
2988,True,-0.004883909054885026,-0.0054138466389170555,0.9999734184951687,78.6695861816406,71.94374465942383
2989,True,-0.005510145055836327,-0.005223011236863985,0.9999711788122112,78.69300842285156,71.95590591430664
2990,True,-0.005521571159743451,-0.005117357301215787,0.9999716620515702,78.69343566894531,71.96263885498047
2991,True,-0.006020512478908428,-0.005194038718619704,0.9999683871959557,78.71209716796875,71.9577522277832
2992,True,-0.005887926748758787,-0.005082757869588743,0.9999697484879432,78.70713806152344,71.96484375
2993,True,-0.00570148301478306,-0.005177936222089097,0.9999703405941158,78.7001647949219,71.95877838134766
2994,True,-0.00589730864873658,-0.005127174439871474,0.9999694664503335,78.7074890136719,71.9620132446289
2995,True,-0.005817750261014507,-0.005287481060246658,0.9999690976854925,78.70451354980469,71.95179748535156
2996,True,-0.006142094602078151,-0.004929873803578663,0.9999689850281257,78.7166442871094,71.9745864868164
2997,True,-0.005990731518994102,-0.0051753023563577,0.9999686631996962,78.71098327636719,71.95894622802734
2998,True,-0.006125362473990946,-0.005108737374184598,0.9999681898625594,78.71601867675781,71.96318817138672
2999,True,-0.006167781440454318,-0.005402233699688467,0.9999663866066482,78.71760559082031,71.94448471069336
3000,True,-0.006180020603969511,-0.005396247648255045,0.999966343361942,78.71806335449219,71.94486618041992
3001,True,-0.005107507287323718,-0.004110379812096485,0.9999785088426202,78.6779479980469,72.02680969238281
3002,True,-0.004905559480433183,-0.004225133094015095,0.9999790416486346,78.67039489746094,72.01949691772461
3003,True,-0.004866800917875905,-0.004290201831753578,0.9999789539870669,78.6689453125,72.01535034179688
3004,True,-0.004936970826764401,-0.004338210217240874,0.9999784028923657,78.67156982421875,72.01229095458984
3005,True,-0.005043045591998137,-0.004222618938194365,0.9999783683562659,78.675537109375,72.01965713500977
3006,True,-0.005142587347802094,-0.004358024148990956,0.9999772804523546,78.67926025390625,72.01102828979492
3007,True,-0.0049031112700677944,-0.004243749818426935,0.9999789748226469,78.67030334472656,72.018310546875
3008,True,-0.0050401904266052415,-0.0041930476748753805,0.9999785071848594,78.67543029785156,72.02154159545898
3009,True,-0.005428164159504269,-0.004438357353157283,0.999975417706787,78.68994140625,72.00590896606445
3010,True,-0.005427357254260139,-0.004046029356354876,0.9999770864573257,78.6899108886719,72.03091049194336
3011,True,-0.005322101724602452,-0.0040125072518259145,0.9999777872626907,78.68597412109375,72.03304672241211
3012,True,-0.005137286157937758,-0.004248598547051878,0.9999777786037635,78.67906188964844,72.01800155639648
3013,True,-0.005393080343331918,-0.004373767543693786,0.9999758921303473,78.6886291503906,72.01002502441406
3014,True,-0.005487732970842484,-0.004214118696888604,0.9999760627087276,78.6921691894531,72.02019882202148
3015,True,-0.00506507433146714,-0.004299480261144494,0.9999779295021969,78.6763610839844,72.0147590637207
3016,True,-0.005382479377413882,-0.004100263322965818,0.9999771081161979,78.688232421875,72.0274543762207
3017,True,-0.00506099798636421,-0.004142345520544535,0.999978613407792,78.67620849609375,72.02477264404297
3018,True,-0.004803155661037236,-0.004378257104722345,0.9999788800571845,78.66656494140625,72.00973892211914
3019,True,-0.00491575646558122,-0.004333541072954836,0.9999785276495392,78.6707763671875,72.01258850097656
3020,True,-0.005018974427444822,-0.0042654194443460655,0.9999783078110547,78.67463684082031,72.01692962646484
3021,True,-0.005264980763927253,-0.004248598547051878,0.9999771144320961,78.683837890625,72.01800155639648
3022,True,-0.004951247120227239,-0.004460745290220632,0.9999777932051342,78.67210388183594,72.00448226928711
3023,True,-0.004730942342367442,-0.004498038560091661,0.9999786926898317,78.66386413574219,72.00210571289062
3024,True,-0.004744405589025401,-0.004487682644685243,0.9999786754326752,78.66436767578125,72.00276565551758
3025,True,-0.004805193061516291,-0.004493309558318453,0.9999783599102805,78.66664123535156,72.00240707397461
3026,True,-0.0052449848328750505,-0.0044846896054607415,0.9999761885631305,78.68309020996094,72.00295639038086
3027,True,-0.005230705203372234,-0.004514320692009084,0.9999761300309948,78.68255615234375,72.00106811523438
3028,True,-0.0051376878794731065,-0.00452581396087754,0.9999765603109129,78.6790771484375,72.00033569335938
3029,True,-0.00501162240366646,-0.004648528512783984,0.9999766371388628,78.67436218261719,71.99251556396484
3030,True,-0.005049565940695371,-0.0045467652307130055,0.9999769141383952,78.67578125,71.9990005493164
3031,True,-0.005256814625192123,-0.0045404199892016845,0.99997587495215,78.68353271484375,71.99940490722656
3032,True,-0.005056500300366789,-0.0045954918905387965,0.9999766563570354,78.67604064941406,71.99589538574219
3033,True,-0.004971643699481708,-0.0045467652307130055,0.9999773045848902,78.67286682128906,71.9990005493164
3034,True,-0.005064257221232678,-0.004352876118549399,0.9999777026355606,78.67633056640625,72.01135635375977
3035,True,-0.005339628090435851,-0.004714195734607856,0.9999746320434493,78.68663024902344,71.98833084106445
3036,True,-0.00535349961666298,-0.004690909912589939,0.9999746673821523,78.68714904785156,71.98981475830078
3037,True,-0.005141766415936649,-0.004575378676005126,0.9999763137935295,78.6792297363281,71.99717712402344
3038,True,-0.00501570803972862,-0.0043863981751622975,0.9999778008455533,78.67451477050781,72.00922012329102
3039,True,-0.005236826213633998,-0.0044517661713454875,0.9999763784355927,78.68278503417969,72.00505447387695
3040,True,-0.005034475898231415,-0.004330188866742488,0.9999779515153364,78.67521667480469,72.01280212402344
3041,True,-0.00524988108760841,-0.004458231136971812,0.9999762811805564,78.68327331542969,72.00464248657227
3042,True,-0.005091588843996174,-0.0044585903017233695,0.9999770980855337,78.67735290527344,72.00461959838867
3043,True,-0.005272726914879339,-0.004477925336665403,0.999976072981529,78.68412780761719,72.00338745117188
3044,True,-0.005160123315718858,-0.004647989766122374,0.9999758843684685,78.67991638183594,71.99254989624023
3045,True,-0.005365736522890567,-0.004775912129664797,0.9999741994346136,78.68760681152344,71.9843978881836
3046,True,-0.005324533434983135,-0.004706533562091747,0.9999747486239483,78.6860656738281,71.98881912231445
3047,True,-0.005664775543448039,-0.004840681401514786,0.9999722386754601,78.69879150390625,71.98027038574219
3048,True,-0.005391434939414392,-0.0049140107282062365,0.9999733921099387,78.6885681152344,71.9755973815918
3049,True,-0.00551709142117468,-0.00482924801026274,0.9999731196716769,78.6932678222656,71.98099899291992
3050,True,-0.005603991202526428,-0.004733291303969977,0.9999730952560844,78.69651794433594,71.98711395263672
3051,True,-0.005611743657622673,-0.004693244480979163,0.999973240536647,78.6968078613281,71.98966598510742
3052,True,-0.005572579007379109,-0.004681451917315721,0.9999735148348442,78.6953430175781,71.99041748046875
3053,True,-0.005696595519858389,-0.004895274339475707,0.9999717921464707,78.6999816894531,71.97679138183594
3054,True,-0.005547280080260509,-0.004865942609260497,0.9999727747725108,78.69439697265625,71.9786605834961
3055,True,-0.005537487764154224,-0.004905929538389876,0.9999726336678549,78.69403076171875,71.97611236572266
3056,True,-0.005561148472917774,-0.004958247754167057,0.9999722443182463,78.6949157714844,71.9727783203125
3057,True,-0.005568488457399275,-0.00508120149362829,0.9999715862601701,78.6951904296875,71.9649429321289
3058,True,-0.0054322221845505055,-0.005260783253028659,0.9999714071520758,78.6900939941406,71.95349884033202
3059,True,-0.005937289913030733,-0.0051097550044788866,0.9999693190254803,78.708984375,71.9631233215332
3060,True,-0.00571617491907228,-0.005003023516164772,0.9999711471337518,78.7007141113281,71.96992492675781
3061,True,-0.005870384434029741,-0.005074018219805206,0.9999698960097257,78.70648193359375,71.96540069580078
3062,True,-0.006601882800493003,-0.004593336903356112,0.9999676576767775,78.73384094238281,71.99603271484375
3063,True,-0.006105377485464577,-0.0049340041890382725,0.999969189509568,78.71527099609375,71.97432327270508
3064,True,-0.006175550858224942,-0.0048302057812819234,0.9999692653695452,78.7178955078125,71.98093795776367
3065,True,-0.006690408514745021,-0.0046861210542756375,0.9999666387952003,78.7371520996094,71.99011993408202
3066,True,-0.006516610239238682,-0.004841998336592211,0.9999670438784961,78.73065185546875,71.98018646240234
3067,True,-0.006631658059707306,-0.004794289365037802,0.9999665173898891,78.7349548339844,71.98322677612305
3068,True,-0.0066798008179170245,-0.004704977183265633,0.9999666211682957,78.73675537109375,71.98891830444336
3069,True,-0.006665098778536721,-0.0051692564371566795,0.9999644269903601,78.7362060546875,71.95933151245117
3070,True,-0.006892757501658321,-0.0047415520826580345,0.9999650031765465,78.7447204589844,71.98658752441406
3071,True,-0.006752019826912063,-0.004408546674150991,0.99996748694369,78.73945617675781,72.00780868530273
3072,True,-0.006809124299569647,-0.004753045339424765,0.9999655215987571,78.74159240722656,71.98585510253906
3073,True,-0.006674092217881398,-0.004611115546974382,0.9999670965119201,78.7365417480469,71.99489974975586
3074,True,-0.0066896059191705135,-0.004239439837343224,0.9999686376694579,78.73712158203125,72.01858520507812
3075,True,-0.006759773086499432,-0.0043440765778764365,0.999967716712147,78.73974609375,72.01191711425781
3076,True,-0.0068536069858842865,-0.004285053799803122,0.9999673326590303,78.7432556152344,72.01567840576172
3077,True,-0.006783844953221495,-0.004280025489416299,0.9999678298972726,78.74064636230469,72.01599884033202
3078,True,-0.006804247725346805,-0.004123668927356521,0.9999683482828191,78.74140930175781,72.02596282958984
3079,True,-0.0070151586011894685,-0.004376401419507901,0.9999658167459604,78.7492980957031,72.00985717773438
3080,True,-0.007007001390561757,-0.004307561473538249,0.9999661728506942,78.7489929199219,72.01424407958984
3081,True,-0.006957637077675027,-0.004323963340790485,0.9999664467507511,78.74714660644531,72.01319885253906
3082,True,-0.007045347448790812,-0.004395077992590547,0.9999655225900366,78.75042724609375,72.0086669921875
3083,True,-0.0071591712413372945,-0.004344914629383601,0.9999649333771663,78.75468444824219,72.0118637084961
3084,True,-0.0070074108059591704,-0.004259253777506206,0.9999663769102716,78.74900817871094,72.0173225402832
3085,True,-0.007118375833319251,-0.004309656602631471,0.9999653771933621,78.75315856933594,72.01411056518555
3086,True,-0.0069572327129619254,-0.004202565551527228,0.9999669671322963,78.74713134765625,72.02093505859375
3087,True,-0.006634538932960247,-0.003926127951075039,0.9999702837647021,78.73506164550781,72.0385513305664
3088,True,-0.006362015229843859,-0.003984193042164913,0.9999718250870961,78.72486877441406,72.03485107421875
3089,True,-0.0065439675233301695,-0.004029627470061806,0.999970468859709,78.73167419433594,72.03195571899414
3090,True,-0.006755700926735146,-0.004080509230555138,0.9999688544896824,78.7395935058594,72.02871322631836
3091,True,-0.006620254346376171,-0.004141028581328553,0.9999695115925674,78.7345275878906,72.02485656738281
3092,True,-0.006686345561835192,-0.004118700474439009,0.9999691640692875,78.73699951171875,72.02627944946289
3093,True,-0.006493785921587263,-0.004091643355564742,0.9999705441657046,78.72979736328125,72.02800369262695
3094,True,-0.006588431392592074,-0.004197237935083426,0.9999694874172418,78.73333740234375,72.02127456665039
3095,True,-0.007040455324889882,-0.004281881175404994,0.9999660481648454,78.750244140625,72.0158805847168
3096,True,-0.006927036387036356,-0.004431952247758806,0.9999661864114037,78.7460021972656,72.00631713867188
3097,True,-0.0068584990138275,-0.00440459586097604,0.9999667797114956,78.7434387207031,72.00806045532227
3098,True,-0.006815257767953564,-0.004299480261144494,0.9999675328384618,78.7418212890625,72.0147590637207
3099,True,-0.0068752279450262025,-0.00432659721717526,0.9999670053542888,78.74406433105469,72.01303100585938
3100,True,-0.006848302671966291,-0.004310793958417015,0.9999672583669734,78.74305725097656,72.0140380859375
3101,True,-0.007030660344316256,-0.0044066909891834465,0.999965574852279,78.7498779296875,72.00792694091797
3102,True,-0.00702985542220392,-0.004035733281874449,0.9999671464551325,78.7498474121094,72.03156661987305
3103,True,-0.007015572356019693,-0.004183589658706698,0.9999666391045678,78.74931335449219,72.02214431762695
3104,True,-0.0070306661111397455,-0.004216453270235331,0.999966395063281,78.7498779296875,72.02005004882812
3105,True,-0.007487587360066517,-0.004195382248428951,0.9999631667233124,78.7669677734375,72.02139282226562
3106,True,-0.007141628115434469,-0.0043653271687215,0.9999649699197323,78.7540283203125,72.01056289672852
3107,True,-0.006940505394588678,-0.004227288084697319,0.9999669791649706,78.74650573730469,72.01935958862305
3108,True,-0.0069339763981358426,-0.004279666324384525,0.9999668016626663,78.74626159667969,72.01602172851562
3109,True,-0.007189773010719561,-0.004201488056076302,0.9999653267299666,78.7558288574219,72.02100372314452
3110,True,-0.007446389768690067,-0.003971921554954694,0.9999643869251414,78.76542663574219,72.0356330871582
3111,True,-0.0070102793446328564,-0.0038072441255543057,0.9999681799315809,78.7491149902344,72.04612731933594
3112,True,-0.007104521205805723,-0.0037439112296615584,0.9999677539336659,78.75263977050781,72.05016326904297
3113,True,-0.006788351232041183,-0.003580969627587247,0.9999705470382999,78.7408142089844,72.060546875
3114,True,-0.006240857120968739,-0.003633228278346294,0.9999739253373926,78.7203369140625,72.05721664428711
3115,True,-0.006382831819532069,-0.0035588809165857556,0.9999732965557556,78.72564697265625,72.06195449829102
3116,True,-0.0060915416521254515,-0.003583663372712016,0.9999750249266885,78.7147521972656,72.06037521362305
3117,True,-0.0059711824809882096,-0.0039513892603833265,0.9999743654227801,78.71025085449219,72.03694152832031
3118,True,-0.00622412342379204,-0.003930018911203223,0.999972907252473,78.71971130371094,72.03830337524414
3119,True,-0.00620576040574446,-0.004108464263890979,0.9999723041460593,78.7190246582031,72.02693176269531
3120,True,-0.0064746107122704,-0.0041198976920187955,0.9999705524959882,78.72908020019531,72.02620315551758
3121,True,-0.0063824114347964265,-0.004068956078800734,0.9999713538000505,78.72563171386719,72.02944946289062
3122,True,-0.006102954420045441,-0.0040297471918635,0.9999732571848692,78.7151794433594,72.03194808959961
3123,True,-0.005851233970489233,-0.00418909685804036,0.9999741069290428,78.70576477050781,72.02179336547852
3124,True,-0.0061058061230140305,-0.004192089901103201,0.9999725723807874,78.71528625488281,72.02160263061523
3125,True,-0.006551704408749968,-0.004545448293810607,0.9999682065291619,78.7319641113281,71.99908447265625
3126,True,-0.006215138079301527,-0.004321748490170977,0.9999713468638203,78.71937561035156,72.01333999633789
3127,True,-0.0062457322892486445,-0.004444103989621514,0.9999706199523567,78.72052001953125,72.00554275512695
3128,True,-0.0061331394118223255,-0.004213998975177896,0.9999723130235119,78.71630859375,72.02020645141602
3129,True,-0.006485209333886406,-0.0044274626877916536,0.9999691693417572,78.72947692871094,72.0066032409668
3130,True,-0.006416675570512123,-0.004260929881129194,0.9999703349355774,78.72691345214844,72.01721572875977
3131,True,-0.005914466995277416,-0.004273021771197194,0.9999733798282356,78.7081298828125,72.01644515991211
3132,True,-0.005999321733589621,-0.00437526406404644,0.9999724322215621,78.7113037109375,72.00992965698242
3133,True,-0.006416265762683917,-0.0043277345728775915,0.9999700506750836,78.7268981933594,72.01295852661133
3134,True,-0.006444411283375363,-0.00447571048754628,0.9999692183156651,78.72795104980469,72.0035285949707
3135,True,-0.0063746500793982145,-0.004436800972422989,0.9999698388619009,78.725341796875,72.00600814819336
3136,True,-0.006324879007294369,-0.004404775443394578,0.9999702964882689,78.7234802246094,72.00804901123047
3137,True,-0.006239204572980164,-0.004452783804836051,0.9999706220898111,78.72027587890625,72.00498962402344
3138,True,-0.006284897321247722,-0.0044374594411965024,0.9999704040717251,78.72198486328125,72.00596618652344
3139,True,-0.006295503092040168,-0.004486365707431414,0.9999701191353456,78.7223815917969,72.00284957885742
3140,True,-0.006246137067381106,-0.004557540168708942,0.9999701068528729,78.72053527832031,71.9983139038086
3141,True,-0.006194323363197839,-0.0046239257471968765,0.9999701243881022,78.7185974121094,71.99408340454102
3142,True,-0.0063130390997556225,-0.004712699216560039,0.9999689675202023,78.72303771972656,71.9884262084961
3143,True,-0.0065198814523545305,-0.0045987243712728035,0.9999681709334574,78.73077392578125,71.99568939208984
3144,True,-0.006448898266679503,-0.004498158281654236,0.9999690886638543,78.7281188964844,72.0020980834961
3145,True,-0.006519068034196281,-0.0045140812489013115,0.9999685619170454,78.7307434082031,72.00108337402344
3146,True,-0.006983745902006866,-0.004355809298698854,0.999966126535559,78.74812316894531,72.01116943359375
3147,True,-0.007200371704327768,-0.0044704427382018,0.9999640842495514,78.7562255859375,72.00386428833008
3148,True,-0.007182832979959238,-0.004352038067071247,0.9999647327156317,78.75556945800781,72.01140975952148
3149,True,-0.006624324003101857,-0.004491154570135301,0.9999679734182135,78.73468017578125,72.00254440307617
3150,True,-0.006240838745515377,-0.004369098400130565,0.9999709810344111,78.7203369140625,72.01032257080078
3151,True,-0.0027845145312097056,-0.0038851232138139374,0.9999885760829665,78.591064453125,72.04116439819336
3152,True,0.0015600171357283547,-0.004153958529683302,0.9999901554390772,78.42857360839844,72.02403259277344
3153,True,0.004752423929785962,-0.0033429023191818325,0.9999831195929639,78.3091735839844,72.07571792602539
3154,True,0.004029104500082943,-0.0017073150423511057,0.9999904256503027,78.33622741699219,72.17994689941406
3155,True,0.002006358533301185,-0.0007605481036770856,0.9999976980433594,78.41188049316406,72.24028015136719
3156,True,0.0018647899885554063,-0.0008102330394538083,0.999997933038224,78.41717529296875,72.23711395263672
3157,True,0.0017024141972283892,-0.0010536891935429605,0.9999979957604838,78.4232482910156,72.22159957885742
3158,True,0.00196759998467185,-0.0010963703377179742,0.9999974632579739,78.413330078125,72.21887969970702
3159,True,0.002038588279267786,-0.0010502172350253013,0.9999973705973366,78.4106750488281,72.22182083129883
3160,True,0.0019296583193033608,-0.0009416287331412399,0.999997694874393,78.41474914550781,72.22874069213867
3161,True,0.0019647446748599123,-0.0008093949803123683,0.9999977423265157,78.41343688964844,72.23716735839844
3162,True,0.0024086248237951686,-0.0008080181688644822,0.9999967728113411,78.39683532714844,72.23725509643555
3163,True,0.0025187785824212013,-0.0009234907408056085,0.9999964014531775,78.39271545410156,72.22989654541016
3164,True,0.002081018384120397,-0.0008574037959085277,0.9999974671074,78.4090881347656,72.2341079711914
3165,True,0.001899875832544313,-0.0009820351505881908,0.999997713036777,78.4158630371094,72.22616577148438
3166,True,0.002116920610436489,-0.0007703055068792236,0.9999974626350585,78.4077453613281,72.23965835571289
3167,True,0.0020051344425745404,-0.0008567453208947603,0.9999976227088354,78.41192626953125,72.23414993286133
3168,True,0.0023372285495240697,-0.0008793729166074918,0.9999968820281295,78.3995056152344,72.23270797729492
3169,True,0.0026676906001894757,-0.0008479457002207077,0.999996082199801,78.38714599609375,72.23471069335938
3170,True,0.0027321504478048735,-0.0010782323482169212,0.9999956863751632,78.3847351074219,72.22003555297852
3171,True,0.0024473822840070567,-0.0010044831595923578,0.9999965006606464,78.3953857421875,72.22473526000977
3172,True,0.0024212717842914365,-0.0009719784423931384,0.9999965963446346,78.3963623046875,72.226806640625
3173,True,0.0021046806575679934,-0.0010822430587974147,0.9999971995307243,78.408203125,72.21977996826172
3174,True,0.0020002379875204194,-0.0012043003467894426,0.9999972743506195,78.412109375,72.21200180053711
3175,True,0.0011210444623407046,-0.0012843349590590284,0.9999985468704574,78.44499206542969,72.20690155029297
3176,True,0.0005437544760733999,-0.0014452422169464333,0.9999988078022914,78.4665832519531,72.19664764404297
3177,True,0.0005094843458476487,-0.0013306676328912693,0.9999989848741607,78.4678649902344,72.20394897460938
3178,True,0.0011838734531928014,-0.001077274566583189,0.999998718960757,78.44264221191406,72.22009658813477
3179,True,0.0009908995296294197,-0.0010716475994650939,0.9999989348442051,78.4498596191406,72.22045516967773
3180,True,0.001458442557315039,-0.0013534748007502121,0.9999980205236763,78.432373046875,72.20249557495117
3181,True,0.0017578990963171832,-0.0011351006309161654,0.9999978106662658,78.4211730957031,72.21641159057617
3182,True,0.00138949456961915,-0.0011449178919841357,0.9999983792326174,78.43495178222656,72.21578598022461
3183,True,0.001414381278219928,-0.0011331850677681664,0.9999983577072524,78.43402099609375,72.21653366088867
3184,True,0.0013425768793569512,-0.001243569387163558,0.9999983255098492,78.43670654296875,72.20949935913086
3185,True,0.001331561385910982,-0.0012873280259284255,0.9999982848639437,78.43711853027344,72.20671081542969
3186,True,0.0005127479568829418,-0.001620336567642453,0.9999985557984272,78.4677429199219,72.18548965454102
3187,True,0.0005702731302980699,-0.0013973531558217197,0.9999988610957089,78.46559143066406,72.19969940185547
3188,True,0.0006547246503689183,-0.0014755320464035703,0.9999986970695574,78.4624328613281,72.19471740722656
3189,True,0.0005629295385799614,-0.0013647885924197314,0.9999989102306225,78.46586608886719,72.20177459716797
3190,True,0.0007473356670556975,-0.0015935785622592973,0.9999984509971835,78.45896911621094,72.18719482421875
3191,True,0.0007387682702493896,-0.0014579328175934453,0.9999986643257791,78.45928955078125,72.19583892822266
3192,True,0.00069062672689022,-0.0015188716419217453,0.999998608030861,78.4610900878906,72.19195556640625
3193,True,0.0005890402415479311,-0.0012832574549832278,0.9999990031404523,78.46488952636719,72.20697021484375
3194,True,0.00047439811070063763,-0.0014229738039290487,0.9999988750453601,78.46917724609375,72.19806671142578
3195,True,0.0002965194169537887,-0.0013281534568642462,0.9999990740418865,78.475830078125,72.20410919189452
3196,True,0.0003923944439385837,-0.001312529648508751,0.9999990616458208,78.47224426269531,72.20510482788086
3197,True,0.0003299736867255471,-0.0013109133924536231,0.9999990863113043,78.4745788574219,72.20520782470702
3198,True,0.00046052676978624197,-0.001517614554246221,0.9999987423797887,78.4696960449219,72.19203567504883
3199,True,0.0008244437672998861,-0.0014705036953613598,0.9999985789546686,78.4560852050781,72.19503784179688
3200,True,0.0008122045774788315,-0.0013219278780945678,0.9999987964144804,78.45654296875,72.20450592041016
3201,True,0.0009603009095100789,-0.0012618869571736694,0.9999987427309449,78.45100402832031,72.20833206176758
3202,True,0.0008252599622159992,-0.0012594925036015004,0.9999988663116715,78.4560546875,72.2084846496582
3203,True,0.001052504270728549,-0.0011140294360606387,0.9999988255858983,78.44755554199219,72.21775436401367
3204,True,0.0009725404307470877,-0.0011230086384748676,0.9999988965077454,78.45054626464844,72.21718215942383
3205,True,0.001267916960590312,-0.0011436009423350648,0.9999985422806703,78.43949890136719,72.21586990356445
3206,True,0.0016277538545649227,-0.0012141774684021926,0.9999979380931064,78.42604064941406,72.21137237548828
3207,True,0.001070455182038423,-0.001234709908707924,0.999998664807681,78.44688415527344,72.21006393432617
3208,True,0.0017326041460878517,-0.0012764931238067189,0.9999976843214078,78.422119140625,72.20740127563477
3209,True,0.0014792498044930904,-0.0011655700566743,0.999998226631657,78.43159484863281,72.21446990966797
3210,True,0.0006049515156313584,-0.001144798169288849,0.9999991617350563,78.46429443359375,72.21579360961914
3211,True,-7.637324096968866e-05,-0.0011885568133096621,0.9999992907496633,78.4897766113281,72.21300506591797
3212,True,-0.0012811332794655402,-0.0018562499363405827,0.9999974565136124,78.53483581542969,72.17045593261719
3213,True,-0.002507503664413797,-0.0034570573240752236,0.9999908805484333,78.58070373535156,72.06844329833984
3214,True,-0.0011721649233325847,-0.008281976895063754,0.9999650168321401,78.53076171875,71.76096725463867
3215,True,-0.0014629899728166318,-0.011926509218483972,0.9999278064131434,78.54164123535156,71.52870559692383
3216,True,0.005691780920157327,-0.015003822612378401,0.9998712361784258,78.2740173339844,71.33258438110352
3217,True,0.0015640517313180624,-0.00865992812847744,0.9999612789438357,78.42842102050781,71.73688125610352
3218,True,0.00960481034548772,0.0017558440408256325,0.9999523311788074,78.127685546875,72.40063858032227
3219,True,0.014202632653514412,0.037480899616205925,0.9991964108170471,77.95533752441406,74.67779541015625
3220,True,-0.01525612329983823,0.059053531573002555,0.9981382324661331,79.05853271484375,76.05415344238281
3221,False,-0.04196818311550655,0.07699363647229747,0.996147906462065,80.06170654296875,77.20006561279297
3222,False,-0.007339391326016626,0.08374335836830764,0.99646032698957,78.76239013671875,77.631591796875
3223,False,-0.009984981109912104,0.06542464331416117,0.9978075546915094,78.8611755371094,76.46094512939453
3224,False,0.00030744043557403433,0.05711359223136079,0.9983676392305634,78.47540283203125,75.9303207397461
3225,False,-0.007447187586325582,0.05451786576791781,0.9984850232773477,78.765869140625,75.7646484375
3226,False,0.005184288818960148,0.060739428226349756,0.9981401930631676,78.29266357421875,76.16178131103516
3227,False,0.004764016125409215,0.060810890101798465,0.9981379362570004,78.30841064453125,76.16634368896484
3228,False,0.006664480580808425,0.06185015891606126,0.9980631956648065,78.2371826171875,76.23269653320312
3229,False,0.013315751183145253,0.06700713003841521,0.9976636383543521,77.9877624511719,76.56201171875
3230,False,0.014818387192508138,0.07257403346437642,0.9972529393627899,77.93121337890625,76.91763305664062
3231,False,-0.016271511547553807,0.07352245084862152,0.9971608130753885,79.09716796875,76.97823333740234
3232,False,-0.023814902788373612,0.07808854686085343,0.9966619433159574,79.38043212890625,77.27005004882812
3233,False,-0.02479189618945823,0.08682429109589382,0.9959151090123227,79.41777038574219,77.82864379882812
3234,False,-0.009358812283855893,0.09092883830878133,0.9958134157544027,78.8384094238281,78.09124755859375
3235,False,-0.0028882188563811783,0.09455415330300265,0.9955155299064852,78.5954284667969,78.32327270507812
3236,True,0.029337398545625514,0.09848250493849713,0.9947062447112787,77.3841552734375,78.57478332519531
3237,True,0.061549915492475106,0.09645321507929883,0.9934326274105032,76.1726379394531,78.4448471069336
3238,True,0.0758993039614753,0.0976798215880447,0.9923194788538071,75.6318054199219,78.52338409423828
3239,True,0.07874117265852856,0.08528022877972384,0.9932407111610144,75.528076171875,77.7298812866211
3240,True,0.08755373920248376,0.07710273780262714,0.9931714406762826,75.19831848144531,77.20703887939453
3241,True,0.08788882849837819,0.0749319985968099,0.9933079831610488,75.1862487792969,77.06830596923828
3242,True,0.08774113666863634,0.07092778951922005,0.993614986606992,75.1927795410156,76.81245422363281
3243,True,0.08728630166576128,0.06697129388627951,0.9939295484775121,75.21080017089844,76.55972290039062
3244,True,0.08798954799544143,0.062334817476246904,0.9941691053204988,75.1853332519531,76.26364135742188
3245,True,0.08862451519465157,0.058364400780616894,0.9943537056943231,75.16224670410156,76.01016235351562
3246,True,0.09020713822593295,0.0544314347301618,0.9944344579339072,75.10346984863281,75.7591323852539
3247,True,0.09446623144043853,0.052592617437956006,0.9941378916973572,74.943603515625,75.64178466796875
3248,True,0.09597427295796349,0.049925831911457635,0.9941309522583729,74.8873596191406,75.47161865234375
3249,True,0.09480756578646417,0.048047484652956884,0.9943354387168192,74.93157958984375,75.35177612304688
3250,True,0.09562897361849221,0.04635206679790358,0.9943372593382168,74.9009704589844,75.24361419677734
3251,True,0.09844042946688839,0.04496796032687327,0.9941264327993776,74.7954406738281,75.15531921386719
3252,True,0.10070836558423936,0.04356714186999417,0.9939616336914776,74.71034240722656,75.06596374511719
3253,True,0.10279850605193618,0.042669577743866385,0.9937865838743498,74.6318359375,75.00871276855469
3254,True,0.10379064115198622,0.042195543727514585,0.9937036977383144,74.5945739746094,74.97847747802734
3255,True,0.10516377585545761,0.04171228958389601,0.9935797225917468,74.54296875,74.9476547241211
3256,True,0.10482901031621597,0.04206552062070725,0.9936002066077843,74.5555114746094,74.97018432617188
3257,True,0.10494149378320429,0.04247723806864024,0.993570816363187,74.55120849609375,74.99644470214842
3258,True,0.1059533367072286,0.04235869958625336,0.9934684851619432,74.51313781738281,74.98888397216797
3259,True,0.10716703157425529,0.04112435710168617,0.9933901623211977,74.4676513671875,74.91015625
3260,True,0.10641854205085101,0.041744586577259275,0.9934447560882612,74.4957275390625,74.94971466064453
3261,True,0.10652764913741464,0.041908104388285974,0.9934261778088176,74.49159240722656,74.96014404296875
3262,True,0.10737420780217495,0.04254769103077736,0.99330784426924,74.45960998535156,75.00093841552734
3263,True,0.10684797487110877,0.04196575999861018,0.9933893422287567,74.4795227050781,74.96382141113281
3264,True,0.10658750048091288,0.04229817415731802,0.9934032258877502,74.48927307128906,74.98502349853516
3265,True,0.10681782226568141,0.04280557816468848,0.9933567512854604,74.48051452636719,75.01738739013672
3266,True,0.10640021663417691,0.042842658177099494,0.9933999700727398,74.49623107910156,75.0197525024414
3267,True,0.10644261155695263,0.043142764875618564,0.9933824400923457,74.49458312988281,75.03889465332031
3268,True,0.1065807057896121,0.04351582950988355,0.9933513606652254,74.48931884765625,75.06269073486328
3269,True,0.10717775399778622,0.04383805486983503,0.9932729503984388,74.46678161621094,75.08324432373047
3270,True,0.10773137537541697,0.043905154678435476,0.9932100926553171,74.4459228515625,75.0875244140625
3271,True,0.10704951678420992,0.04396280533620545,0.9932812656560266,74.4715881347656,75.09120178222656
3272,True,0.10750475291266301,0.04477611842705328,0.9931957648519217,74.45429992675781,75.14308166503906
3273,True,0.10761761498812167,0.044815228474776835,0.9931817780451984,74.4500427246094,75.14557647705078
3274,True,0.10782041878804648,0.04493961471399518,0.9931541614078491,74.4423828125,75.15351104736328
3275,True,0.10836294053273722,0.04518934190416406,0.9930837812074906,74.4219055175781,75.16944122314453
3276,True,0.11001017012069259,0.045993520733341516,0.992865730358626,74.3597106933594,75.22074127197266
3277,True,0.11855153934466825,0.04882716087714331,0.9917466616428245,74.0372009277344,75.40151977539062
3278,True,0.13521134966268808,0.051893434780515224,0.9894569027244565,73.407470703125,75.59716796875
3279,True,0.14985089298547108,0.05637465858639186,0.9871001001624531,72.8521423339844,75.8831558227539
3280,True,0.16615267484239687,0.0622892917411528,0.9841307498382024,72.2314453125,76.26073455810547
3281,True,0.18420664213136972,0.07009253255510285,0.980385102842091,71.54057312011719,76.75909423828125
3282,True,0.20386426381105538,0.07205746877696004,0.9763437320607091,70.7880859375,76.88462829589842
3283,True,0.21478636735785775,0.07440537568559993,0.9738227027885005,70.3677673339844,77.03465270996092
3284,True,0.22136917824374575,0.07638126729506893,0.9721942135859933,70.11347961425781,77.16092681884766
3285,True,0.22998854600034313,0.07905530324273044,0.9699770758826458,69.7796936035156,77.33184814453125
3286,True,0.23992638082917203,0.08023237786051486,0.9674699464712393,69.39515686035156,77.40709686279297
3287,True,0.24369030265318817,0.08163056786106929,0.9664116549294492,69.2485046386719,77.49649047851562
3288,True,0.24483022423081877,0.08230150376603614,0.9660665731619825,69.203857421875,77.53939056396484
3289,True,0.24492310129021294,0.082540969827005,0.966022599505002,69.2000732421875,77.55470275878906
3290,True,0.2445968253603424,0.08292455898598425,0.9660724147498583,69.21240234375,77.57923126220703
3291,True,0.2434097453904678,0.08118679673761357,0.9665197359001175,69.25970458984375,77.4681167602539
3292,True,0.2446145910124367,0.08160014040251924,0.9661806864919767,69.21275329589844,77.49454498291016
3293,True,0.2446238636081076,0.0815506210426775,0.9661825197968527,69.2124328613281,77.49137878417969
3294,True,0.2449636641631649,0.08111675126104555,0.9661329493939277,69.1996154785156,77.46363830566406
3295,True,0.2455307831380172,0.08086269880559256,0.9660102786583111,69.1778564453125,77.44739532470703
3296,True,0.24541548176350617,0.0814437062685507,0.9659907680821946,69.18186950683594,77.48454284667969
3297,True,0.2463465162630825,0.0811760572527432,0.9657762896519784,69.1460266113281,77.4674301147461
3298,True,0.24777428779031374,0.08046639513123657,0.9654703835771382,69.0912780761719,77.42205810546875
3299,True,0.24828692093009827,0.08014168155304635,0.9653656901780284,69.07167053222656,77.40129852294922
3300,True,0.24849197898788603,0.08108572587932539,0.9652340863424307,69.06298828125,77.46165466308592
3301,True,0.24928784205036336,0.08125540989063763,0.9650145751072248,69.0320129394531,77.47250366210938
3302,True,0.24938956651280123,0.08149859566705252,0.9649677834098169,69.02787780761719,77.48805236816406
3303,True,0.24943930926923819,0.08179905107726312,0.9649295032457784,69.02571105957031,77.50726318359375
3304,True,0.24872666212057398,0.08233717938011738,0.9650676849019887,69.05290222167969,77.54167175292969
3305,True,0.24820176657123888,0.08247200599848388,0.9651913029537214,69.07313537597656,77.55029296875
3306,True,0.24793175134191217,0.08267603278868883,0.9652432440990488,69.08343505859375,77.56333923339842
3307,True,0.24814318520982873,0.08254395268264514,0.9652002152452339,69.0753479003906,77.55489349365234
3308,True,0.24858907437902727,0.08196263983869176,0.9651350153061753,69.05853271484375,77.5177230834961
3309,True,0.24923650097697803,0.08135970114563709,0.9650190493509677,69.03392028808594,77.47917175292969
3310,True,0.24946885713192762,0.08125958633100076,0.9649674445029762,69.0249938964844,77.47277069091797
3311,True,0.2495411275570679,0.08147962305508072,0.964930203011777,69.02201843261719,77.4868392944336
3312,True,0.24974770359879583,0.08134967776850027,0.9648877211748987,69.01411437988281,77.47853088378906
3313,True,0.24952075020590062,0.08151351122176749,0.9649326104474775,69.02278137207031,77.48900604248047
3314,True,0.24975781162545252,0.08129812884185783,0.964889449511641,69.0137634277344,77.47523498535156
3315,True,0.24992903948371273,0.08127927524492178,0.9648467000712648,69.00714111328125,77.47402954101562
3316,True,0.24927901408108571,0.08103155060134982,0.9650356785870162,69.03253173828125,77.45819091796875
3317,True,0.24893250654369303,0.08062439306566403,0.9651592171391555,69.04627990722656,77.43215942382812
3318,True,0.24869582756198613,0.08087856977998248,0.9651989651380711,69.05525207519531,77.44841003417969
3319,True,0.24871821506279512,0.08086198282130215,0.9651945862002049,69.05439758300781,77.44734954833984
3320,True,0.2488497269265131,0.08072618371351313,0.9651720554759404,69.0494079589844,77.43866729736328
3321,True,0.24855117671932514,0.08088501362839308,0.9652356847536115,69.06085205078125,77.44882202148438
3322,True,0.24913771958466233,0.08083501404931435,0.9650886473188881,69.03816223144531,77.44562530517578
3323,True,0.24929869033768895,0.08085756758392257,0.9650451889732027,69.03190612792969,77.44706726074219
3324,True,0.24923062969414655,0.08085494230689065,0.9650629883726806,69.0345458984375,77.4468994140625
3325,True,0.24935821641113082,0.08085386832976137,0.9650301196772945,69.02960205078125,77.44683074951172
3326,True,0.24928999137119856,0.08091759081026996,0.9650424051302665,69.0321960449219,77.4509048461914
3327,True,0.24940174815235638,0.08093978620335958,0.9650116678195674,69.02784729003906,77.45232391357422
3328,True,0.24898082721657883,0.08066890420276354,0.9651430337381468,69.04437255859375,77.43500518798828
3329,True,0.24901495218059327,0.08073382096147452,0.9651288016339878,69.0429992675781,77.43915557861328
3330,True,0.2495901672823992,0.08075386871482053,0.9649785288199596,69.02069091796875,77.44043731689453
3331,True,0.24968671361285996,0.08080744856192149,0.9649490666880413,69.01690673828125,77.44386291503906
3332,True,0.24939484705770534,0.08067833147389422,0.9650353449960537,69.0283203125,77.43560791015625
3333,True,0.2490229093416816,0.08078811688454014,0.9651222051083762,69.04264831542969,77.442626953125
3334,True,0.24903723089292942,0.08091687482917959,0.9651077230014589,69.0419921875,77.45085906982422
3335,True,0.2492994722189345,0.08081902368753294,0.9650482156667379,69.03190612792969,77.4446029663086
3336,True,0.24905846507412366,0.0807822696428025,0.9651135196888908,69.04127502441406,77.44225311279297
3337,True,0.2493462339385223,0.08062916638565162,0.9650520157735698,69.0302429199219,77.43246459960938
3338,True,0.24914173098952325,0.08057844976625449,0.9651090670555382,69.0382080078125,77.4292221069336
3339,True,0.24932299758477997,0.08053214829390722,0.96506611999723,69.0312194824219,77.42626190185547
3340,True,0.24847484168330006,0.08127032574252552,0.9652229727913457,69.0635070800781,77.47345733642578
3341,True,0.2482266611276312,0.08152615959786147,0.9652652537031737,69.07292175292969,77.48981475830078
3342,True,0.24784256797086843,0.0815703094869711,0.9653602157287223,69.0877685546875,77.49263763427734
3343,True,0.24757781644538784,0.08139955592093195,0.9654425602282141,69.09815979003906,77.48171997070312
3344,True,0.24803815149716532,0.0811513564017767,0.9653452919841796,69.08052062988281,77.46585083007812
3345,True,0.24800266477669183,0.08109503350209243,0.9653591423946605,69.0819396972656,77.46224975585938
3346,True,0.24777580081141304,0.08123130583552243,0.9654059392216927,69.09062194824219,77.47096252441406
3347,True,0.24723432729985323,0.0815166136548548,0.965520703611701,69.11137390136719,77.48920440673828
3348,True,0.24669229715462437,0.08174821998468619,0.9656397563552931,69.13218688964844,77.50401306152342
3349,True,0.24681054776246877,0.0815703094869711,0.9656245844650964,69.12774658203125,77.49263763427734
3350,True,0.2468550813166368,0.08156947422028395,0.9656132712963214,69.12602233886719,77.49258422851562
3351,True,0.24677405457819196,0.0817379582829186,0.9656197347624889,69.1290283203125,77.50335693359375
3352,True,0.24662518350286383,0.08183269971165016,0.9656497440169917,69.13471984863281,77.50941467285156
3353,True,0.24616612686914177,0.08171898604404104,0.9657764986280104,69.152587890625,77.50214385986328
3354,True,0.24585234587777136,0.08188114403562648,0.9658426902336703,69.16461181640625,77.51251220703125
3355,True,0.245741326743276,0.08179821582628728,0.9658779696307865,69.1689758300781,77.50720977783203
3356,True,0.24530889816763463,0.08156983219172832,0.9660071981905695,69.18589782714844,77.49260711669922
3357,True,0.23725148828341278,0.08572205803663582,0.9676587518713761,69.49432373046875,77.75814056396484
3358,True,0.2330485999748434,0.0879391785945555,0.9684807953273417,69.6549377441406,77.89996337890625
3359,True,0.23396851685876285,0.08870801476900712,0.9681888355246885,69.61878967285156,77.94915008544922
3360,True,0.23419780138584645,0.08901901649342718,0.9681048520323501,69.60968017578125,77.96904754638672
3361,True,0.234569128081022,0.08860164256097346,0.9680532387667564,69.5956726074219,77.94234466552734
3362,True,0.2348860615261149,0.08836587903362131,0.9679979388011969,69.5836181640625,77.92726135253906
3363,True,0.2353661991123204,0.0881423940127332,0.9679016844148601,69.56524658203125,77.9129638671875
3364,True,0.23577827250145303,0.08830088518211977,0.9677869393065215,69.5491943359375,77.92310333251953
3365,True,0.23631575083025613,0.08857528785543678,0.9676307582393497,69.5281982421875,77.94065856933592
3366,True,0.23610258685310045,0.08838686779338958,0.9677000207104205,69.5365905761719,77.92860412597656
3367,True,0.2367122328689619,0.08826880550948993,0.9675618516581347,69.51312255859375,77.92105102539062
3368,True,0.23663604495869273,0.08823135923307061,0.9675839030669083,69.51609802246094,77.91865539550781
3369,True,0.2365080381541188,0.0882550911233648,0.9676130356600704,69.5210266113281,77.92017364501953
3370,True,0.23647830066074574,0.08822372685569871,0.9676231639105675,69.52220153808594,77.91816711425781
3371,True,0.2362895636229486,0.08826284273496961,0.9676657029755775,69.52946472167969,77.92066955566406
3372,True,0.23631408828075182,0.08869143889727103,0.9676205249716279,69.5281677246094,77.94808959960938
3373,True,0.23628904493390163,0.088886293274354,0.9676087608698931,69.52897644042969,77.96055603027342
3374,True,0.2365390455410454,0.08895498042049747,0.9675413641767056,69.5192565917969,77.96495056152342
3375,True,0.23675060601674375,0.08906707311841176,0.967479305740864,69.510986328125,77.97212219238281
3376,True,0.2359810365804561,0.08935564699800269,0.9676406971205695,69.5404968261719,77.99058532714842
3377,True,0.23577934871548142,0.08950195824553235,0.9676763395833953,69.54817199707031,77.99994659423828
3378,True,0.23569947435999428,0.09000765321284435,0.9676488930131315,69.55084228515625,78.03230285644531
3379,True,0.235313231221528,0.0903274417395841,0.9677130961606677,69.56550598144531,78.05276489257812
3380,True,0.23554021137829345,0.09025506685065905,0.9676646277154354,69.5567932128906,78.04813385009766
3381,True,0.2353034088279492,0.08991894065598369,0.9677535274568896,69.56622314453125,78.02662658691406
3382,True,0.23548473346280904,0.08998797911869044,0.9677030039842203,69.55915832519531,78.03104400634766
3383,True,0.2355859084616586,0.09000145289605255,0.9676771249806905,69.55523681640625,78.03190612792969
3384,True,0.23569690264670687,0.08981389166545667,0.9676675229368061,69.55110168457031,78.01990509033203
3385,True,0.23558344819969512,0.08998726369642311,0.9676790435401461,69.55534362792969,78.03099822998047
3386,True,0.23544886483272606,0.09000371839682324,0.9677102679643975,69.56053161621094,78.03205108642578
3387,True,0.23560393439594685,0.08995232718587609,0.9676773041313904,69.55458068847656,78.02876281738281
3388,True,0.23536226573945362,0.0898620640848841,0.9677444979458136,69.5639953613281,78.02298736572266
3389,True,0.2356486470393242,0.08961440314861428,0.9676977699141679,69.5531311035156,78.00714111328125
3390,True,0.23578920623580252,0.08972493907151687,0.9676532878729358,69.547607421875,78.01421356201172
3391,True,0.23567858247283113,0.0897473561465901,0.9676781581849898,69.55186462402344,78.0156478881836
3392,True,0.23403862307674067,0.08920706815887439,0.9681260361641149,69.61567687988281,77.9810791015625
3393,True,0.22126615444509082,0.08743505977666251,0.9712859513134805,70.10968017578125,77.86771392822266
3394,True,0.20902517636469345,0.08631714103192831,0.9740933357793713,70.58116149902344,77.79620361328125
3395,True,0.18919414606206605,0.0794560676596154,0.9787197292421954,71.3451232910156,77.35746765136719
3396,True,0.1684609660754838,0.07009062170193665,0.9832132055959942,72.140380859375,76.75897216796875
3397,True,0.157083673684629,0.0615603844351737,0.9856647698532878,72.57611083984375,76.21419525146484
3398,True,0.14999385087193698,0.05414703429079614,0.9872030912523109,72.84742736816406,75.74098205566406
3399,True,0.14369191218397614,0.04975567813874623,0.9883708852783281,73.0873107910156,75.46076202392578
3400,True,0.1318757934411382,0.04515740855566131,0.9902371350120168,73.53515625,75.16740417480469
3401,True,0.12364662557149797,0.03980752837860706,0.9915275450884701,73.84686279296875,74.826171875
3402,True,0.11738788231464982,0.03540640579908375,0.9924547705130308,74.0835876464844,74.5455093383789
3403,True,0.10990310191781519,0.032859831463049514,0.9933989831206101,74.36589050292969,74.38313293457031
3404,True,0.10026725415617208,0.028660750417027953,0.9945476555346728,74.7289733886719,74.11541748046875
3405,True,0.09122695096208622,0.022049342800690628,0.9955859932221922,75.0693664550781,73.69396591186523
3406,True,0.082516337728501,0.01728566167452236,0.9964397924151513,75.3967590332031,73.39033889770508
3407,True,0.07325727435084797,0.011784449618490064,0.9972434499668944,75.744384765625,73.03973388671875
3408,True,0.06266679545621615,0.006412478141838616,0.9980139041472965,76.14154052734375,72.6973876953125
3409,True,0.05460301574721743,0.0026131767517416694,0.998504723062727,76.4436950683594,72.45527267456055
3410,True,0.0476534168312968,-5.496200988372616e-05,0.9988639290931874,76.70396423339844,72.28524398803711
3411,True,0.04720685800723446,-0.003707635480999227,0.9988782538408897,76.7206726074219,72.05247497558594
3412,True,0.048573402719900606,-0.0026007441390413213,0.9988162296829851,76.66950988769531,72.12301254272461
3413,True,0.050125498810998405,-0.002583743562289155,0.9987395849960854,76.61138916015625,72.12409591674805
3414,True,0.05010223557725174,-0.0028603021441933702,0.9987399985290494,76.61225891113281,72.10647201538086
3415,True,0.049479322741419196,-0.0019214987316227936,0.9987732998351903,76.6355895996094,72.16629791259766
3416,True,0.049448445290435024,0.00011558308103598425,0.9987766706821452,76.6367492675781,72.29611206054688
3417,True,0.04927077940728091,0.0004084249745272076,0.9987853740847626,76.6434020996094,72.31477355957031
3418,True,0.048133861448600664,0.0006738503242862325,0.9988406666269588,76.68597412109375,72.3316879272461
3419,True,0.04809594081751756,0.0011791999299928012,0.9988420245286053,76.68739318847656,72.3638916015625
3420,True,0.04736281026202575,0.0013927851813427504,0.9988767813667119,76.71484375,72.37750244140625
3421,True,0.04730936467025195,0.002118543501351995,0.9988780384951558,76.71684265136719,72.42375183105469
3422,True,0.04679982988867035,0.0031477965736100076,0.9988993279100364,76.73591613769531,72.48934173583984
3423,True,0.046847059594235844,0.003431597872151763,0.9988961793617083,76.73414611816406,72.50742721557617
3424,True,0.0463088544106353,0.004797802632934813,0.998915647636511,76.75428771972656,72.59449005126952
3425,True,0.04611428011128352,0.005545700780886432,0.9989207768250027,76.7615661621094,72.64215087890625
3426,True,0.04602046351532965,0.005859848229491269,0.9989233099275248,76.76507568359375,72.66217041015625
3427,True,0.04547469045561578,0.006117846179364409,0.9989467575832516,76.78550720214844,72.6786117553711
3428,True,0.04626472240862988,0.0067628392348203625,0.99890632166682,76.75592041015625,72.7197151184082
3429,True,0.046215268928884966,0.007202630118458047,0.9989055365935298,76.75776672363281,72.74774169921875
3430,True,0.04509273275297909,0.007685997418626077,0.9989532375925058,76.79978942871094,72.77854537963867
3431,True,0.04500306983932683,0.007689648855315877,0.9989572528419415,76.80314636230469,72.77877807617188
3432,True,0.04471702653269683,0.008638120885831943,0.9989623468407784,76.8138427734375,72.8392219543457
3433,True,0.045823377309768154,0.008974349256344528,0.9989092447001138,76.77241516113281,72.86064910888672
3434,True,0.04525383349436525,0.009479976859805384,0.998930538422368,76.7937316894531,72.89287185668945
3435,True,0.04519108455494114,0.00945016722451951,0.998933661569264,76.79608154296875,72.89097213745117
3436,True,0.044072458887562435,0.010136923965623363,0.9989769072106318,76.83795166015625,72.93473815917969
3437,True,0.04358063183587616,0.010799313764837146,0.9989915431829213,76.8563537597656,72.9769515991211
3438,True,0.04225351327430068,0.01088634710475055,0.9990476105084749,76.9060363769531,72.98249816894531
3439,True,0.042261107871575776,0.012036567894656465,0.9990340934096216,76.9057312011719,73.05580139160156
3440,True,0.042547362253909225,0.012564265950256824,0.9990154459198145,76.89500427246094,73.08943176269531
3441,True,0.043042400505902995,0.01286241141977708,0.9989904454653998,76.87646484375,73.10843276977539
3442,True,0.042898748269839235,0.012458379445275343,0.9990017448325496,76.88185119628906,73.08268356323242
3443,True,0.04280935563195605,0.012707502812556927,0.999002441660002,76.88519287109375,73.09856033325195
3444,True,0.043194338809893776,0.013012351643995541,0.9989819456824378,76.87077331542969,73.11798858642578
3445,True,0.04260524800843738,0.013286433235313656,0.9990036353957994,76.892822265625,73.13545608520508
3446,True,0.04207251553171544,0.01333808903444723,0.9990255246077264,76.91276550292969,73.13874816894531
3447,True,0.04138508306426546,0.013030907100568326,0.9990582917727574,76.9385070800781,73.11917114257812
3448,True,0.04126080929551232,0.013692076940874867,0.9990545894220819,76.9431457519531,73.16130828857422
3449,True,0.04102887497454042,0.01371434328593265,0.99906383590167,76.95182800292969,73.16272735595702
3450,True,0.04137860549120631,0.013688605305818268,0.999049765072984,76.93873596191406,73.16108703613281
3451,True,0.04085489625530205,0.01359618792584765,0.999072580509471,76.9583435058594,73.15519714355469
3452,True,0.04054969398508891,0.014155837999472254,0.9990772415425387,76.9697570800781,73.19086456298828
3453,True,0.040931260653784156,0.014063241652386684,0.9990629895734896,76.9554748535156,73.18496322631836
3454,True,0.04087414239515251,0.014157932938050214,0.9990639906524419,76.9576110839844,73.19099807739258
3455,True,0.041045963675664966,0.014471335044088205,0.9990524557439303,76.951171875,73.21097183227539
3456,True,0.041703880715269946,0.015017750232621576,0.9990171437524169,76.92652893066406,73.24579620361328
3457,True,0.04115517116935181,0.015183487513026677,0.9990373934908359,76.94706726074219,73.2563591003418
3458,True,0.0412561840159754,0.015292243024615222,0.9990315683619393,76.94328308105469,73.26329040527344
3459,True,0.04119137700323914,0.015293918947432303,0.999034216883389,76.9457092285156,73.26339721679688
3460,True,0.040881765449629966,0.015043786994247948,0.9990507323087218,76.9573059082031,73.24745559692383
3461,True,0.04071551916481736,0.0149590328087077,0.9990587939839013,76.9635314941406,73.2420539855957
3462,True,0.040676380992543545,0.014973816915212651,0.999060166774924,76.9649963378906,73.24299621582031
3463,True,0.040536245625329384,0.014844829965099428,0.9990677873967863,76.9702453613281,73.23477554321289
3464,True,0.040455960016147284,0.014825676429348376,0.9990713260911777,76.97325134277344,73.23355484008789
3465,True,0.04045083258181424,0.014537175642988988,0.9990757732363261,76.97344970703125,73.21516799926758
3466,True,0.040634608310016265,0.014625162526706663,0.9990670313990743,76.96656799316406,73.22077560424805
3467,True,0.04074447419286285,0.014933115723422758,0.9990580012579541,76.96244812011719,73.24040222167969
3468,True,0.04088099525938067,0.014970465053295943,0.9990518652215663,76.95733642578125,73.24278259277344
3469,True,0.04176060914685764,0.014897502160306863,0.9990165744135915,76.9244079589844,73.23813247680664
3470,True,0.041702091187385985,0.01461588500348055,0.9990231786581151,76.9266052246094,73.22018432617188
3471,True,0.04218894048697036,0.014283030585862415,0.9990075516921132,76.90838623046875,73.19897079467773
3472,True,0.04107428691751762,0.013411592242269342,0.9990660799705616,76.95013427734375,73.1434326171875
3473,True,0.04067778157336524,0.012464544689373294,0.9990945667012489,76.9649963378906,73.08307647705078
3474,True,0.040687682519030606,0.012229067944471213,0.9990970735561384,76.9646301269531,73.06806945800781
3475,True,0.04098010230205527,0.012704689554494396,0.9990791870911119,76.95367431640625,73.09838104248047
3476,True,0.04087113958304697,0.012163105602463968,0.9990903907111139,76.957763671875,73.0638656616211
3477,True,0.04020068635382256,0.01201657563742199,0.9991193656048469,76.98286437988281,73.05452728271484
3478,True,0.04077795495754536,0.011840715396151684,0.9990980711864015,76.96125793457031,73.04331970214844
3479,True,0.04095462529141083,0.01147355060045399,0.9990951287559453,76.95465087890625,73.0199203491211
3480,True,0.04157090725193451,0.011508208055135336,0.9990692772864206,76.93157958984375,73.02212905883789
3481,True,0.0411625799750935,0.011314808508164534,0.9990883930454891,76.9468688964844,73.00980377197266
3482,True,0.041524399892052526,0.011593624555317272,0.9990702237997463,76.9333190917969,73.02757263183594
3483,True,0.04209172941413318,0.01168089654731082,0.9990454659177321,76.9120788574219,73.03313446044922
3484,True,0.0422206457866126,0.012253250132762388,0.9990331700852306,76.90724182128906,73.06961059570312
3485,True,0.04217538431620025,0.012290959966533637,0.9990346186498653,76.908935546875,73.07201385498047
3486,True,0.04208514398998181,0.012603591767335711,0.9990345289978244,76.91230773925781,73.09193801879883
3487,True,0.04173927072808665,0.012277851312011616,0.9990530955090663,76.9252624511719,73.0711784362793
3488,True,0.041144957002073664,0.012348841534501977,0.9990768732315113,76.947509765625,73.07570266723633
3489,True,0.0412048242888254,0.012447126377157105,0.9990731862582832,76.94526672363281,73.08196640014648
3490,True,0.040781749451309385,0.012410134897454801,0.9990910055963459,76.96110534667969,73.07960891723633
3491,True,0.04024148123081402,0.012767838195266192,0.9991084052775101,76.9813232421875,73.1024055480957
3492,True,0.040443274425907935,0.012720551540127061,0.9991008603350443,76.97377014160156,73.09939193725586
3493,True,0.040443653703588774,0.012775499827844,0.9991001438690983,76.9737548828125,73.1028938293457
3494,True,0.040565139862797854,0.01274060347964717,0.9990956643139265,76.9692077636719,73.10066986083984
3495,True,0.040468920746555004,0.012784957154522835,0.999098999761368,76.9728088378906,73.10349655151367
3496,True,0.04011496504618674,0.013067060299834623,0.9991096243728532,76.9860534667969,73.12147521972656
3497,True,0.040746146579364075,0.012685715024085479,0.9990889971235098,76.9624328613281,73.09717178344727
3498,True,0.04224363751519357,0.011087948085925241,0.9990458110100501,76.9064025878906,72.99534606933594
3499,True,0.044047407936180505,0.009636626952739527,0.9989829634558727,76.8388977050781,72.9028549194336
3500,True,0.04351757393675863,0.008594902568957728,0.9990156897709308,76.85874938964844,72.83646774291992
3501,True,0.04318724013311958,0.007997626215337608,0.9990349845048491,76.8711242675781,72.79840469360352
3502,True,0.04308812455973907,0.00820414122314998,0.9990375896775432,76.87483215332031,72.81156539916992
3503,True,0.0431166148941793,0.008318412710991038,0.9990354155534411,76.87376403808594,72.81884765625
3504,True,0.04276666539853601,0.008963395063154486,0.9990448788115734,76.88685607910156,72.85995101928711
3505,True,0.04196165375936841,0.00898608161506945,0.999078810680612,76.9169921875,72.86139678955078
3506,True,0.04288997428225831,0.009445677820886718,0.9990351491697234,76.8822326660156,72.89068603515625
3507,True,0.04281985760390821,0.0094749487291423,0.9990378797329765,76.8848571777344,72.89255142211914
3508,True,0.04324056539042351,0.009272266978387766,0.9990216607110168,76.8691101074219,72.87963485717773
3509,True,0.04357554241572845,0.009398449283150282,0.9990059265360978,76.8565673828125,72.88767623901367
3510,True,0.043270768397724674,0.009166735838694942,0.9990213268776269,76.86798095703125,72.87290954589844
3511,True,0.0433037310899465,0.009294953466327192,0.999018713895665,76.86674499511719,72.8810806274414
3512,True,0.043247434556794154,0.009419938569719802,0.999019981863025,76.86885070800781,72.88904571533202
3513,True,0.04297020650580431,0.009597180123035235,0.999030257543051,76.87922668457031,72.90034103393555
3514,True,0.043410046846481,0.00944753344107803,0.9990126685606475,76.8627624511719,72.89080429077148
3515,True,0.04319402812968167,0.009452980584032314,0.9990219802847233,76.870849609375,72.89115142822266
3516,True,0.04332368313379991,0.009342780637613431,0.9990174027161286,76.8659973144531,72.88412857055664
3517,True,0.043659523862536145,0.009346072870146004,0.9990027511964131,76.8534240722656,72.88433837890625
3518,True,0.044057984527149006,0.009683795524559969,0.9989820409314895,76.8385009765625,72.9058609008789
3519,True,0.04406325121542894,0.009757660985830464,0.9989810898832928,76.83830261230469,72.91056823730469
3520,True,0.04444801858285315,0.009686608877783089,0.9989647357402097,76.82389831542969,72.90604019165039
3521,True,0.04447770505017998,0.009836674224188092,0.9989619480208826,76.8227844238281,72.91560363769531
3522,True,0.04496346456628553,0.009930233001968686,0.998939276095761,76.8045959472656,72.92156600952148
3523,True,0.04534000438577366,0.009996376551257756,0.9989215967522893,76.7904968261719,72.92578125
3524,True,0.04502783472515672,0.009979496482190778,0.9989358857053469,76.80218505859375,72.9247055053711
3525,True,0.04546464554327185,0.01013943801466173,0.9989144897349179,76.78582763671875,72.93489837646484
3526,True,0.04552219423822587,0.009951063735314286,0.9989137631258631,76.78367614746094,72.92289352416992
3527,True,0.045928897624355466,0.009981172517544528,0.9988948455959649,76.76844787597656,72.92481231689452
3528,True,0.046165382176291576,0.00971857335369407,0.9988865335064268,76.75959777832031,72.90807723999023
3529,True,0.04651142809070635,0.009584849244522076,0.9988717724122166,76.74664306640625,72.89955520629883
3530,True,0.04678313406194445,0.010671457210835907,0.998848065707863,76.7364501953125,72.96880340576172
3531,True,0.046762174038197026,0.011020488424950172,0.9988452572416295,76.73722839355469,72.99104690551758
3532,True,0.04702335886985356,0.011071008353252833,0.9988324366452259,76.7274475097656,72.99426651000977
3533,True,0.04695620451359446,0.010908793791858115,0.9988373806960191,76.72996520996094,72.98392868041992
3534,True,0.04700716544502399,0.010864079985719687,0.9988354710175686,76.7280578613281,72.9810791015625
3535,True,0.046897879455157984,0.011009534455737872,0.9988390155844321,76.7321472167969,72.99034881591797
3536,True,0.046918245871023855,0.011026653773160222,0.9988378702827366,76.73138427734375,72.99143981933594
3537,True,0.04683430300032537,0.011020189136191448,0.9988418811272763,76.7345275878906,72.99102783203125
3538,True,0.046885128393911506,0.011236514791780583,0.9988370865515659,76.73262023925781,73.00481414794922
3539,True,0.046999941680735645,0.011429375793683225,0.9988295023931633,76.72831726074219,73.01710510253906
3540,True,0.046961363338562934,0.011176298018068305,0.9988341807907831,76.7297668457031,73.0009765625
3541,True,0.04695635179747083,0.011405432799656574,0.9988318262493064,76.7299499511719,73.01557922363281
3542,True,0.047284487802698186,0.011220472951464285,0.9988184410592257,76.71766662597656,73.00379180908202
3543,True,0.047285683553761136,0.011270753336807092,0.9988178183483084,76.7176208496094,73.00699615478516
3544,True,0.04736713509299914,0.011359701662904441,0.9988129513033015,76.7145690917969,73.01266479492188
3545,True,0.04716837274720278,0.011178931754547053,0.9988243970274295,76.7220153808594,73.00114440917969
3546,True,0.04621571809426636,0.01098241888692543,0.998871109741604,76.7576904296875,72.98862075805664
3547,True,0.03834777731739709,0.00838072624249987,0.9992293087187062,77.0522766113281,72.82281875610352
3548,True,0.025740618306735658,0.005227781569164505,0.9996549859171674,77.5240783691406,72.62189102172852
3549,True,0.012536309766052035,0.0034154353924126207,0.9999155843062602,78.0180358886719,72.50639724731445
3550,True,0.002180155601902385,0.0014413925786745314,0.9999965846486606,78.40538024902344,72.38059997558594
3551,True,-0.000496183858067068,-6.34024654181888e-05,0.9999998748908453,78.50547790527344,72.28470611572266
3552,True,-0.00041581195125977313,0.0002787053569175171,0.9999998747118647,78.5024719238281,72.3065071105957
3553,True,-0.0005071992872324946,-0.00018330482234326135,0.9999998545741019,78.5058898925781,72.27706527709961
3554,True,0.001047201018120487,0.000585016043791516,0.9999992805628692,78.44775390625,72.3260269165039
3555,True,0.0018676452692027961,0.0011244866586918206,0.9999976237126281,78.41706848144531,72.36040496826172
3556,True,0.0018093040430735834,0.0012797669838890073,0.9999975443046581,78.41925048828125,72.37030029296875
3557,True,0.0024637010006252963,0.0011525616309389928,0.9999963008826914,78.394775390625,72.3621940612793
3558,True,0.0028243527042198305,0.0012685130522917202,0.9999952069417325,78.38128662109375,72.36958312988281
3559,True,0.0029312427500988434,0.0012611501075958267,0.999994908645212,78.3772888183594,72.36911392211914
3560,True,0.0028724947367073967,0.0010517551167130062,0.9999953212816358,78.3794860839844,72.35577011108398
3561,True,0.0025877240960942606,0.0017178919787949553,0.9999951762539416,78.39013671875,72.39822006225586
3562,True,0.0027150124588908547,0.001823666883514996,0.9999946514589196,78.3853759765625,72.40496063232422
3563,True,0.002666870769759097,0.0019040007251433537,0.9999946312763563,78.3871765136719,72.41007995605469
3564,True,0.0029287920239730756,0.0018830492772978983,0.9999939381329767,78.37738037109375,72.40874481201172
3565,True,0.0029687740079044358,0.0018344419151286532,0.9999939105833344,78.3758850097656,72.40564727783202
3566,True,0.002802319512996914,0.0018265402252993935,0.9999944053624261,78.3821105957031,72.40514373779297
3567,True,0.0025926193560356983,0.0018196561772491065,0.9999949835755534,78.38995361328125,72.40470504760742
3568,True,0.00269787754999568,0.001797926529360998,0.9999947444446496,78.3860168457031,72.4033203125
3569,True,0.0022866359399726986,0.001923276056423221,0.9999955361426814,78.4013977050781,72.41130828857422
3570,True,0.0026823722543445156,0.002201990079917537,0.9999939780412566,78.3865966796875,72.42906951904297
3571,True,0.0023478308003966864,0.002276277874781561,0.9999946531104901,78.39910888671875,72.43380355834961
3572,True,0.002307033240286206,0.0022489811522407,0.9999948098272337,78.400634765625,72.43206405639648
3573,True,0.002577114740249815,0.0021125573760602374,0.9999944477750607,78.3905334472656,72.42337036132812
3574,True,0.0029793789120184117,0.0022442521146120863,0.9999930432926745,78.37548828125,72.4317626953125
3575,True,0.0027966054043579163,0.002252872132530328,0.9999935517618935,78.38232421875,72.43231201171875
3576,True,0.0024645120794390754,0.0022990850034995225,0.9999943201780483,78.3947448730469,72.43525695800781
3577,True,0.0023221277461222137,0.0023693620802188236,0.9999944969078898,78.40007019042969,72.43973541259766
3578,True,0.0021585272380919254,0.0026853094697768224,0.9999940649189943,78.40618896484375,72.45986938476562
3579,True,0.001971673203321797,0.0028034155412491094,0.9999941266657931,78.4131774902344,72.4673957824707
3580,True,0.0019202682536448245,0.0027794112186343635,0.9999942937052749,78.41510009765625,72.46586608886719
3581,True,0.0019884005826128165,0.002743374801132892,0.9999942600624384,78.41255187988281,72.46356964111328
3582,True,0.0018452005450130943,0.0027718088517858803,0.9999944561399516,78.41790771484375,72.46538162231445
3583,True,0.0018248009499492767,0.0029160143494824514,0.9999940834634007,78.4186706542969,72.47457122802734
3584,True,0.001849279620278267,0.0029040421227999845,0.9999940733345548,78.4177551269531,72.47380828857422
3585,True,0.0019243479464752873,0.0027935384510912116,0.9999942464974002,78.4149475097656,72.46676635742188
3586,True,0.001824801168180114,0.0028747101656722623,0.9999942030542777,78.4186706542969,72.47193908691406
3587,True,0.001560432573079675,0.00277330538070574,0.9999949369009076,78.4285583496094,72.4654769897461
3588,True,0.0016640593805615541,0.002633948581499197,0.9999951465988463,78.4246826171875,72.45659637451172
3589,True,0.0012328268243205988,0.0027854571953047223,0.9999953606723555,78.44081115722656,72.46625137329102
3590,True,0.0014674131193058277,0.0029317578269334264,0.9999946257329493,78.4320373535156,72.4755744934082
3591,True,0.0020083913354546085,0.002763667734353191,0.9999941642354208,78.41180419921875,72.46486282348633
3592,True,0.0016179567583134368,0.0029010490660642623,0.9999944830499039,78.42640686035156,72.47361755371094
3593,True,0.0016497787327360322,0.0029478604704186047,0.9999942941581117,78.42521667480469,72.47660064697266
3594,True,0.0015906216348559542,0.003042381176294253,0.9999941069024322,78.42742919921875,72.48262405395508
3595,True,0.0013344121519001724,0.0030456735373185517,0.9999944715931748,78.43701171875,72.48283386230469
3596,True,0.0013809209417417897,0.0031803610050592517,0.9999939891625501,78.4352722167969,72.49141693115234
3597,True,0.0013662336279495599,0.0032149607097778895,0.9999938986980412,78.4358215332031,72.49362182617188
3598,True,0.001000686956459203,0.003044536176241161,0.9999948646993576,78.4494934082031,72.48276138305664
3599,True,0.0010231253853876562,0.003142768241984904,0.9999945380961953,78.44865417480469,72.48902130126952
3600,True,0.0010251646756670278,0.003322171880917085,0.9999939560874263,78.4485778808594,72.50045394897461
3601,True,0.0012830063141452506,0.0032301055620187927,0.9999939601381881,78.4389343261719,72.49458694458008
3602,True,0.0005388567779208033,0.0030561492312669615,0.9999951847810313,78.4667663574219,72.48350143432617
3603,True,0.0001520942220647856,0.003298945790088097,0.9999945468971427,78.4812316894531,72.49897384643555
3604,True,-3.720705662651328e-05,0.0035640104498037206,0.9999936482024017,78.4883117675781,72.51586532592773
3605,True,-0.0005961350396138168,0.0035258789859614497,0.9999936063797562,78.50921630859375,72.51343536376952
3606,True,-0.0008090993175323013,0.003339172420491686,0.9999940976255013,78.5171813964844,72.50153732299805
3607,True,-0.001067756130439955,0.0034591938077061972,0.9999934469160519,78.52685546875,72.50918579101562
3608,True,-0.0010930518884674247,0.0031215175538837274,0.9999945306679082,78.5278015136719,72.48766708374023
3609,True,-0.0017523414401322364,0.003286255244861885,0.9999930648889235,78.5524597167969,72.49816513061523
3610,True,-0.00195714723187851,0.0030107146476726727,0.9999935525652268,78.56011962890625,72.48060607910156
3611,True,-0.0017829408789475638,0.003072311729843341,0.9999936909913266,78.55360412597656,72.48453140258789
3612,True,-0.0019648989878219116,0.0029764740878085315,0.9999936398667605,78.56040954589844,72.47842407226562
3613,True,-0.001415762209844115,0.0029800058939705976,0.9999945575763085,78.53987121582031,72.4786491394043
3614,True,-0.0012811299213090696,0.002947561164784575,0.999994835281315,78.53483581542969,72.47658157348633
3615,True,-0.001360685148947952,0.0030211903427319925,0.9999945104573517,78.5378112792969,72.48127365112305
3616,True,-0.0012758262334126827,0.002943789913773187,0.999994853170938,78.5346374511719,72.4763412475586
3617,True,-0.0013215192788559227,0.003041662842975477,0.9999945009218527,78.5363464355469,72.48257827758789
3618,True,-0.0016707471877848371,0.00309392158779637,0.9999938181074136,78.5494079589844,72.48590850830078
3619,True,-0.0022280454833788514,0.0027139829696005147,0.9999938350358789,78.57025146484375,72.46169662475586
3620,True,-0.003192501445902204,0.0026798621031717297,0.9999913130990818,78.6063232421875,72.45952224731445
3621,True,-0.004473134128021446,0.00267118223314223,0.9999864278361731,78.65422058105469,72.45896911621094
3622,True,-0.005158124916144299,0.0023523016325035016,0.9999839300830684,78.6798400878906,72.43864822387695
3623,True,-0.005482478037515898,-6.639553475559665e-05,0.9999849689001336,78.69197082519531,72.28451538085938
3624,True,-0.006275550891650342,-0.002821093093994155,0.9999763291672265,78.72163391113281,72.10897064208984
3625,True,-0.008443417948510725,-0.004871330070226876,0.9999524882896655,78.80271911621094,71.97831726074219
3626,True,-0.0021096345803906374,-0.009996814072624734,0.9999478052130194,78.5658264160156,71.65168380737305
3627,True,-0.0004149703489319218,-0.011120289754285776,0.9999380815607486,78.50244140625,71.58008575439452
3628,True,-0.0020905008679357948,-0.007834228262528432,0.9999671267965022,78.56510925292969,71.78950119018555
3629,True,0.004993951641436901,0.002805510681550506,0.9999835946438415,78.3001403808594,72.467529296875
3630,True,0.017697262135885006,0.03996077122084503,0.9990445153627185,77.824462890625,74.83594512939453
3631,True,-0.042387653707071066,0.062308649156170015,0.9971564165433338,80.07582092285156,76.26197052001953
3632,False,-0.029554345533837983,0.08081592107761347,0.9962907846409317,79.5960693359375,77.44440460205078
3633,False,-0.03474775791384022,0.08251722626974269,0.9959836849510685,79.7912292480469,77.55318450927734
3634,False,-0.026739227662364733,0.06257009145006472,0.9976823128430967,79.48907470703125,76.2786636352539
3635,False,-0.02134626837091496,0.05701546000237311,0.9981450666848756,79.2866516113281,75.92405700683592
3636,False,-0.020840067501967235,0.06131027799901772,0.9979011681515342,79.26788330078125,76.19822692871092
3637,False,-0.0224528491969395,0.06116843379338851,0.9978748880847755,79.32832336425781,76.18917083740234
3638,False,-0.016264120175390157,0.06300358867148227,0.99788076753159,79.09645080566406,76.30634307861328
3639,False,-0.025105226996331057,0.069493348091554,0.9972664649673569,79.4282531738281,76.72081756591797
3640,False,-0.01694482065241928,0.07382715302606711,0.9971270854455428,79.1224365234375,76.9977035522461
3641,False,-0.021217307050616616,0.07068536229688556,0.997272984412231,79.28251647949219,76.79696655273438
3642,False,-0.028475875171902074,0.07745343144237637,0.9965892285646054,79.5552978515625,77.22945404052734
3643,False,-0.03970356618838248,0.08490792928046018,0.995597443938678,79.97764587402344,77.70606994628906
3644,False,-0.038103026576430755,0.08943577858043518,0.9952634831417393,79.9180908203125,77.99571228027342
3645,False,-0.030023828346156512,0.09067798221986474,0.9954275831380074,79.6146545410156,78.0751953125
3646,False,-0.06223385010798109,0.09163988375970744,0.9938456014921254,80.82588195800781,78.13674926757812
3647,False,-0.05260387871841892,0.08382257478447877,0.9950912560666375,80.46221923828125,77.63665771484375
3648,False,-0.059091846742125094,0.0773868266469285,0.9952484276350922,80.7049560546875,77.2251968383789
3649,True,-0.05564571125698404,0.07095752537802572,0.9959259934407432,80.574462890625,76.8143539428711
3650,True,-0.03680325588176572,0.06581792118093638,0.9971527072660041,79.86669921875,76.4860610961914
3651,True,-0.012557541181686777,0.05944517385748101,0.9981525832579526,78.9574279785156,76.07915496826172
3652,True,0.013841157233453975,0.0556085590635527,0.9983567050535165,77.96842956542969,75.83425903320312
3653,True,0.012938620209746189,0.03967641588262077,0.9991288075767695,78.00260925292969,74.81781005859375
3654,True,0.021073876894170396,0.026156493203007142,0.9994357055738855,77.69841003417969,73.95577239990234
3655,True,0.013174273007714695,0.01638302005902063,0.9997789931702226,77.9941101074219,73.33280944824219
3656,True,0.005027885725260583,0.011889199706411554,0.9999166801766409,78.2988586425781,73.0464096069336
3657,True,-0.0006797548067098242,0.007604408732837494,0.9999708550258986,78.51234436035156,72.77334594726562
3658,True,-0.006870711606442637,0.005203657758390298,0.999962856944174,78.743896484375,72.62035369873047
3659,True,-0.014136437297881395,0.0029098486527930727,0.9998958415361777,79.0156555175781,72.47417831420898
3660,True,-0.0171682258056278,-7.926573289933814e-05,0.9998526120082051,79.1290588378906,72.28369522094727
3661,True,-0.01757531429498942,-0.0012325549004202517,0.9998447825216921,79.144287109375,72.21020126342773
3662,True,-0.01505837114999836,-0.0028390514381387926,0.9998825857295649,79.0501403808594,72.10782623291016
3663,True,-0.014940056449472877,-0.0031629599425237838,0.9998833883997117,79.04571533203125,72.08718490600586
3664,True,-0.013981361114919209,-0.004130373345589851,0.9998937251315263,79.0098571777344,72.0255355834961
3665,True,-0.013792782889688176,-0.005765885953160764,0.9998882506057029,79.0028076171875,71.92131042480469
3666,True,-0.013216687144395821,-0.006859531645139136,0.9998891268568413,78.98126220703125,71.85161590576172
3667,True,-0.01413283689387398,-0.00749284879986196,0.9998720518837365,79.0155334472656,71.8112564086914
3668,True,-0.014455849473765476,-0.008069356355583817,0.9998629475603137,79.0276184082031,71.77451705932617
3669,True,-0.013637880823104258,-0.008747262583806443,0.9998687381871406,78.99702453613281,71.73131561279297
3670,True,-0.012994644717041379,-0.008151663055296623,0.9998823378768678,78.97296142578125,71.76927185058594
3671,True,-0.009903257212625428,-0.008489149870319956,0.9999149262967625,78.8573303222656,71.74776458740234
3672,True,-0.01155100345512928,-0.007712473880371618,0.9999035413807795,78.91896057128906,71.79726028442383
3673,True,-0.01176189704138122,-0.007833330369277587,0.9999001433709837,78.9268493652344,71.78955841064452
3674,True,-0.011138555946855831,-0.007934672547478318,0.9999064823987207,78.9035339355469,71.78310012817383
3675,True,-0.012440736887709298,-0.007486743109663586,0.9998945828152589,78.9522399902344,71.8116455078125
3676,True,-0.012879248889908088,-0.007672966534070836,0.9998876189515494,78.96864318847656,71.79977798461914
3677,True,-0.013184387559438156,-0.007622025983520351,0.9998840315979595,78.98005676269531,71.80302429199219
3678,True,-0.015293022345820367,-0.007034921275803959,0.9998583066365822,79.0589294433594,71.84043884277344
3679,True,-0.015952974922400654,-0.007557557126810355,0.9998441808208918,79.0836181640625,71.80713272094727
3680,True,-0.016272781158575663,-0.007547680279685997,0.999839101613735,79.0955810546875,71.8077621459961
3681,True,-0.01684550302209464,-0.00743717926127338,0.9998304443217201,79.11700439453125,71.81480407714844
3682,True,-0.015987375122338398,-0.006339706688227882,0.9998520950399639,79.08489990234375,71.8847427368164
3683,True,-0.016122874814638248,-0.005604621983355586,0.9998543099472719,79.0899658203125,71.93158721923828
3684,True,-0.016784481221922425,-0.005973541526527204,0.9998412864008677,79.1147155761719,71.90807723999023
3685,True,-0.016910101721940612,-0.006139653828131506,0.9998381634597793,79.1194152832031,71.89749145507812
3686,True,-0.015670117719967642,-0.005185119492083002,0.999863771694172,79.0730285644531,71.95832061767578
3687,True,-0.015329942810217498,-0.004734249075428637,0.9998712815853485,79.060302734375,71.98705291748047
3688,True,-0.016257604323736838,-0.004138215120252168,0.9998592728365684,79.0950012207031,72.0250358581543
3689,True,-0.016337177926594754,-0.003685905946044973,0.9998597455217166,79.09797668457031,72.05385971069336
3690,True,-0.015010223389887467,-0.003104715099114965,0.9998825200682023,79.04833984375,72.09089660644531
3691,True,-0.014769957466248276,-0.00297056635014742,0.9998865056055135,79.03935241699219,72.09944534301758
3692,True,-0.01493518966509059,-0.0024903600993382005,0.9998853625372477,79.0455322265625,72.13004684448242
3693,True,-0.01423274902465823,-0.0017391013915859569,0.9998971969065374,79.0192565917969,72.17792129516602
3694,True,-0.01426049784924286,-0.0013223469074364448,0.9998974395405502,79.0202941894531,72.2044792175293
3695,True,-0.01475573164670655,-0.0013412032275795145,0.9998902287538731,79.038818359375,72.20327758789062
3696,True,-0.014782649470459605,-0.0016090826415812909,0.9998894359516387,79.0398254394531,72.18620681762695
3697,True,-0.014967857888561415,-0.0013066033762898874,0.9998871216381602,79.0467529296875,72.20548248291016
3698,True,-0.015621376855664839,-3.155620763832874e-05,0.9998779783500279,79.0711975097656,72.28673553466797
3699,True,-0.01506985379233664,0.00014838712075587808,0.9998864322951583,79.0505676269531,72.29820251464844
3700,True,-0.015135121665584408,0.0004478736248590766,0.9998853571792039,79.0530090332031,72.31728744506836
3701,True,-0.015325216189591172,0.0006506839726467728,0.9998823502588242,79.06011962890625,72.3302116394043
3702,True,-0.015432898011929739,0.0014030214684966522,0.9998799213854194,79.06414794921875,72.37815475463867
3703,True,-0.015874272900488935,0.001575122764744227,0.9998727551284498,79.0806579589844,72.38912200927734
3704,True,-0.016557964926684685,0.0011454381306032022,0.9998622513971489,79.1062316894531,72.36174011230469
3705,True,-0.018638347018463546,-6.394121789896412e-05,0.999826288878193,79.1840515136719,72.28467178344727
3706,True,-0.017867323450762446,-0.0028274383756961667,0.9998363687848815,79.15521240234375,72.10856628417969
3707,True,-0.01593472621875046,-0.0066048870768428,0.9998512189156122,79.08293151855469,71.86784362792969
3708,True,-0.01653093697111885,-0.007960471990385024,0.9998316653359941,79.10523986816406,71.78145599365234
3709,True,-0.01538039662285748,-0.009604022519301637,0.9998355895601898,79.06221008300781,71.67671585083008
3710,True,-0.014801778662597924,-0.007975676299965581,0.99985863797638,79.0405578613281,71.78048706054688
3711,True,-0.014047150156809166,-0.007699185047047389,0.9998716918295485,79.0123291015625,71.7981071472168
3712,True,-0.013429153581143848,-0.007550433825018977,0.9998813173487882,78.98921203613281,71.80758666992188
3713,True,-0.013431644698853759,-0.007108249641162165,0.9998845251866451,78.98930358886719,71.83576583862305
3714,True,-0.014516427289813378,-0.006069976472254876,0.9998762066997924,79.0298767089844,71.90193176269531
3715,True,-0.014762438344073267,-0.005719494143322196,0.9998746710467676,79.03907775878906,71.92426681518555
3716,True,-0.014591504102166095,-0.005863518224561359,0.9998763459358695,79.0326843261719,71.91508865356445
3717,True,-0.014546649585911299,-0.0056526899155543535,0.9998782136253112,79.031005859375,71.92852401733398
3718,True,-0.01426191907982593,-0.00559193156820627,0.9998826570980702,79.0203552246094,71.9323959350586
3719,True,-0.013176003282236053,-0.0055159686398982,0.9998979783095224,78.979736328125,71.93723678588867
3720,True,-0.013035702720473203,-0.005080303584414735,0.999902125695347,78.9744873046875,71.96500015258789
3721,True,-0.01281255029630424,-0.005221634443740663,0.9999042819633489,78.96614074707031,71.95599365234375
3722,True,-0.0134884840450379,-0.005499327426751928,0.9998939034697732,78.9914245605469,71.93829727172852
3723,True,-0.013151557813471224,-0.005073838637956272,0.9999006414082127,78.97882080078125,71.96541213989258
3724,True,-0.013226611852481357,-0.005171770581797889,0.9998991496785828,78.98162841796875,71.95917129516602
3725,True,-0.013498302000369314,-0.005115561483115625,0.9998958080089242,78.9917907714844,71.96275329589844
3726,True,-0.013162189424426858,-0.004681212474391947,0.9999024167484171,78.9792175292969,71.99043273925781
3727,True,-0.012888046490276726,-0.0047987789174074955,0.9999054305175896,78.9689636230469,71.98294067382812
3728,True,-0.012925593351339016,-0.004527789366404139,0.9999062096816728,78.9703674316406,72.00020980834961
3729,True,-0.012785251056275343,-0.004705515929783655,0.9999071934311017,78.9651184082031,71.98888397216797
3730,True,-0.012552731586885097,-0.004578012549442415,0.9999107313809592,78.9564208984375,71.99700927734375
3731,True,-0.012451564482518369,-0.004529226024957843,0.9999122184739782,78.95263671875,72.00011825561523
3732,True,-0.012376095385396964,-0.004520965238146479,0.9999131928004186,78.94981384277344,72.00064468383789
3733,True,-0.012567413205895155,-0.004652479321594548,0.9999102032490089,78.95697021484375,71.99226379394531
3734,True,-0.012188041704818523,-0.004361795380520202,0.9999162096798211,78.9427795410156,72.01078796386719
3735,True,-0.012335732971487861,-0.004067339834729575,0.9999156396610291,78.94830322265625,72.0295524597168
3736,True,-0.012624558151256541,-0.004051716141494562,0.9999120982005341,78.9591064453125,72.03054809570312
3737,True,-0.012521752061426252,-0.004135700963517897,0.9999130470710202,78.95526123046875,72.02519607543945
3738,True,-0.012261892589337966,-0.004114091186701725,0.9999163566238104,78.94554138183594,72.02657318115234
3739,True,-0.01209667784375873,-0.004049860453726533,0.9999186311972839,78.9393615722656,72.03066635131836
3740,True,-0.011767051132846072,-0.004167726529482714,0.9999220802458622,78.9270324707031,72.02315521240234
3741,True,-0.012460159993453249,-0.00398838330595303,0.9999144149433702,78.95295715332031,72.03458404541016
3742,True,-0.01217010934534828,-0.004024299849828037,0.999917843349763,78.9421081542969,72.03229522705078
3743,True,-0.012219481470848528,-0.0038001805330025455,0.9999181180979272,78.94395446777344,72.04657745361328
3744,True,-0.012393685985419201,-0.003539605671420059,0.9999169304194152,78.9504699707031,72.06318283081055
3745,True,-0.012093835362156356,-0.00377204588282497,0.9999197521881898,78.93925476074219,72.04837036132812
3746,True,-0.011828667838720369,-0.0038146070226729957,0.9999227627124126,78.92933654785156,72.04565811157227
3747,True,-0.011918826331608139,-0.0037680351984070433,0.9999218686925596,78.9327087402344,72.04862594604492
3748,True,-0.01174137074784418,-0.0037297840409966296,0.9999241115824586,78.92607116699219,72.05106353759766
3749,True,-0.012072622886702309,-0.003755703839966563,0.9999200700382517,78.93846130371094,72.04941177368164
3750,True,-0.012177874408438436,-0.0037255937730290185,0.9999189063748773,78.94239807128906,72.05133056640625
3751,True,-0.009900722877376034,-0.002677246725053203,0.9999474026349979,78.85722351074219,72.11813735961914
3752,True,-0.009979046936155688,-0.002815705590573086,0.9999462437672704,78.86015319824219,72.10931396484375
3753,True,-0.009649008191768237,-0.002844498802348608,0.9999494014536328,78.8478088378906,72.10747909545898
3754,True,-0.009839935866911837,-0.002725794132647831,0.9999478714955503,78.8549499511719,72.11504364013672
3755,True,-0.00979750898656125,-0.0026974798007551185,0.9999483648770984,78.8533630371094,72.11684799194336
3756,True,-0.00986440516329222,-0.003014564272484587,0.9999468015414728,78.8558654785156,72.09664154052734
3757,True,-0.00992845504130866,-0.0029953488540541817,0.999946225387013,78.85826110839844,72.09786605834961
3758,True,-0.009988423643492126,-0.00303174441200813,0.999945518475351,78.8605041503906,72.09554672241211
3759,True,-0.009937430432970587,-0.002984154824738657,0.9999461696993353,78.85859680175781,72.09857940673828
3760,True,-0.010068392842717482,-0.002696522022048502,0.999945676641761,78.8634948730469,72.11690902709961
3761,True,-0.01015650859278417,-0.0028013987755364273,0.9999444972087727,78.8667907714844,72.11022567749023
3762,True,-0.010089603776367502,-0.002798585301382158,0.999945182405489,78.8642883300781,72.11040496826172
3763,True,-0.009840746105675731,-0.0029298009230926845,0.9999472866019663,78.85498046875,72.10204315185547
3764,True,-0.009907638451305935,-0.003338532462324879,0.9999453449570713,78.85748291015625,72.07599639892578
3765,True,-0.010384918182976906,-0.004082843805195885,0.9999377399922433,78.8753356933594,72.028564453125
3766,True,-0.0092548495749057,-0.00481679698661053,0.9999455716318443,78.83306884765625,71.98179244995117
3767,True,-0.009291573264641986,-0.0046446375646420545,0.999946045548539,78.8344421386719,71.99276351928711
3768,True,-0.009808865964874604,-0.004549997712167271,0.9999415401258728,78.8537902832031,71.99879455566406
3769,True,-0.009442937521742217,-0.004356348046069169,0.9999459251192845,78.84010314941406,72.01113510131836
3770,True,-0.00951392772858465,-0.004216812435363558,0.9999458503699389,78.84275817871094,72.02002716064452
3771,True,-0.00942824845643207,-0.00441938147962595,0.9999457871296731,78.83955383300781,72.00711822509766
3772,True,-0.009622836955603368,-0.004577473802605553,0.9999432222594002,78.8468322753906,71.99704360961914
3773,True,-0.009664859513257646,-0.004506957816326754,0.9999431372942318,78.84840393066406,72.00153732299805
3774,True,-0.009721969578915057,-0.00459190024522247,0.999942197209241,78.85054016113281,71.99612426757812
3775,True,-0.009122674984526758,-0.004735266707598703,0.9999471756299603,78.828125,71.98698806762695
3776,True,-0.00918388023739616,-0.0044599670999323415,0.9999478811604396,78.8304138183594,72.00453186035156
3777,True,-0.009037012832650553,-0.0045204264911697985,0.999948947768535,78.8249206542969,72.00067901611328
3778,True,-0.009060678133091945,-0.004428719764591456,0.9999491439833404,78.8258056640625,72.00652313232422
3779,True,-0.009003156692723524,-0.004410761523931093,0.9999497429132853,78.82365417480469,72.0076675415039
3780,True,-0.009227954774771903,-0.004076857716328862,0.9999491107460597,78.8320617675781,72.02894592285156
3781,True,-0.009293235749044962,-0.0038697988139744866,0.9999493289294474,78.8345031738281,72.04214096069336
3782,True,-0.0094131752540551,-0.003876144073393458,0.9999481824768515,78.8389892578125,72.0417366027832
3783,True,-0.00935116411861241,-0.003917148812090928,0.9999486045166576,78.836669921875,72.03912353515625
3784,True,-0.009147185271740533,-0.003904398434191016,0.999950541114145,78.82904052734375,72.03993606567383
3785,True,-0.008921991964070569,-0.0038958981819049708,0.9999526088954162,78.82061767578125,72.04047775268555
3786,True,-0.009071304962912986,-0.003901764553231109,0.9999512426411804,78.8262023925781,72.04010391235352
3787,True,-0.009086806516527777,-0.003927025864956052,0.9999510030072409,78.8267822265625,72.03849411010742
3788,True,-0.009827667030587012,-0.0036817156773960085,0.9999449294488206,78.8544921875,72.05412673950195
3789,True,-0.00963511170580771,-0.0036696237589325317,0.9999468478293656,78.8472900390625,72.05489730834961
3790,True,-0.009744442656557509,-0.0037141603272419885,0.9999456239468106,78.85137939453125,72.05205917358398
3791,True,-0.0097795240211132,-0.0037940148546032107,0.9999449816670933,78.8526916503906,72.04697036743164
3792,True,-0.00957023278394524,-0.004039863683897699,0.9999460436172927,78.84486389160156,72.03130340576172
3793,True,-0.009519231201934512,-0.004216034244251712,0.9999458031776399,78.84295654296875,72.02007675170898
3794,True,-0.00961713973443427,-0.004243570235883354,0.9999447498412007,78.84661865234375,72.0183219909668
3795,True,-0.00956981478209402,-0.004291818074319228,0.9999449979587143,78.8448486328125,72.0152473449707
3796,True,-0.00947273103793279,-0.004038187578737148,0.999946978798257,78.8412170410156,72.03141021728516
3797,True,-0.009564108195048406,-0.004173054146584538,0.9999455552446458,78.8446350097656,72.0228157043457
3798,True,-0.009599598998459602,-0.004209030524130276,0.9999450643715961,78.84596252441406,72.02052307128906
3799,True,-0.009515155619721891,-0.0041154081260641575,0.9999462611708132,78.8428039550781,72.0264892578125
3800,True,-0.010320484661225225,-0.0034891428339221785,0.9999406549784051,78.8729248046875,72.06639862060547
3801,True,-0.010131592795044934,-0.003722600724440669,0.9999417448388089,78.86585998535156,72.05152130126952
3802,True,-0.010134454549692608,-0.0035581625844914554,0.9999423144911923,78.865966796875,72.0620002746582
3803,True,-0.009968002645132255,-0.003719667536791732,0.9999433998965553,78.8597412109375,72.05170822143555
3804,True,-0.010765548211057081,-0.0038508827566698083,0.9999346347005437,78.88957214355469,72.0433464050293
3805,True,-0.01056279658853432,-0.003826220046976313,0.9999368916928614,78.8819885253906,72.04491806030273
3806,True,-0.01031148870666077,-0.004029447887359159,0.9999387164973538,78.8725891113281,72.03196716308594
3807,True,-0.010138527323482315,-0.0037414569299894216,0.9999416041768399,78.8661193847656,72.05031967163086
3808,True,-0.009953716796213487,-0.003914036043836012,0.9999428002859905,78.85920715332031,72.03932189941406
3809,True,-0.010199709180852473,-0.004029807052764324,0.9999398614855513,78.868408203125,72.03194427490234
3810,True,-0.01004387867902582,-0.0038192761768362574,0.9999422651486265,78.8625793457031,72.04536056518555
3811,True,-0.010325359625488306,-0.0040179545941196925,0.9999386196109659,78.87310791015625,72.03269958496094
3812,True,-0.011173907692342135,-0.0038527983068394277,0.9999301474263539,78.90484619140625,72.0432243347168
3813,True,-0.011468452878260066,-0.003731460148165343,0.9999272727522446,78.9158630371094,72.05095672607422
3814,True,-0.011534138375734158,-0.0035977905689401073,0.999927007113495,78.91831970214844,72.05947494506836
3815,True,-0.012039587691739389,-0.003563131048106111,0.9999211731058338,78.9372253417969,72.06168365478516
3816,True,-0.011763808712186699,-0.003711167278526392,0.999923917126705,78.9269104003906,72.05224990844727
3817,True,-0.012043660401353478,-0.0037173329588441936,0.9999205626847615,78.9373779296875,72.0518569946289
3818,True,-0.012046929489202824,-0.003592103773934479,0.9999209810181799,78.9375,72.0598373413086
3819,True,-0.011935553109383792,-0.00374708386091163,0.9999217479055611,78.93333435058594,72.04996109008789
3820,True,-0.01235206269380113,-0.003822448807181738,0.9999164042220354,78.94891357421875,72.04515838623047
3821,True,-0.012527073994008934,-0.003758218000471713,0.9999144704496528,78.95545959472656,72.04925155639648
3822,True,-0.012387149340976115,-0.003750436075021669,0.9999162428725976,78.9502258300781,72.04974746704102
3823,True,-0.012588672333714725,-0.00378401807475614,0.999913599535522,78.957763671875,72.047607421875
3824,True,-0.01273716830926606,-0.0036890187169994542,0.9999120739766907,78.96331787109375,72.05366134643555
3825,True,-0.012737981999305032,-0.0037354708331336253,0.9999118911545358,78.9633483886719,72.05070114135742
3826,True,-0.012660065612213544,-0.003718290734414866,0.999912944737045,78.96043395996094,72.05179595947266
3827,True,-0.012595603708842886,-0.003860280924553967,0.9999132207338761,78.95802307128906,72.0427474975586
3828,True,-0.012675564241556773,-0.0037861730692461994,0.9999124936536437,78.96101379394531,72.04747009277344
3829,True,-0.012994986742401274,-0.0037163751832701114,0.9999086552656007,78.97296142578125,72.05191802978516
3830,True,-0.013040270040394387,-0.003679919847955231,0.9999082005600245,78.97465515136719,72.05424118041992
3831,True,-0.01270534311721079,-0.003806765237929677,0.9999120375286504,78.9621276855469,72.04615783691406
3832,True,-0.013084733737866859,-0.0037199668416553356,0.9999074715140928,78.976318359375,72.05168914794922
3833,True,-0.013224249352098883,-0.003724635997484378,0.9999056187039653,78.9815368652344,72.0513916015625
3834,True,-0.013338474332255282,-0.003690754685400852,0.9999042271299486,78.9858093261719,72.05355072021484
3835,True,-0.01312307117751947,-0.0039008666392613164,0.9999062797294217,78.9777526855469,72.0401611328125
3836,True,-0.01335765301314109,-0.0035774976893881037,0.9999043827368009,78.98652648925781,72.0607681274414
3837,True,-0.013686040290558397,-0.0036550775394760555,0.9998996613207475,78.9988098144531,72.05582427978516
3838,True,-0.013804345728271477,-0.003586237395806944,0.9998982842971355,79.00323486328125,72.06021118164062
3839,True,-0.013816168075323489,-0.003741217486117764,0.9998975531480393,79.00367736816406,72.05033493041992
3840,True,-0.01366278699457398,-0.0036712998664743947,0.999899919896402,78.99794006347656,72.05479049682617
3841,True,-0.01399770069630534,-0.003727629046050033,0.9998950790742556,79.0104675292969,72.05120086669922
3842,True,-0.013894088801985538,-0.00364915130169781,0.9998968136718608,79.006591796875,72.05620193481445
3843,True,-0.013987907272627427,-0.0037837786309228272,0.9998950052227507,79.0101013183594,72.04762268066406
3844,True,-0.014564320549875666,-0.0037552249522486043,0.9998868830285147,79.03166198730469,72.04944229125977
3845,True,-0.01456716825857416,-0.0038955988772418765,0.9998863044958232,79.0317687988281,72.04049682617188
3846,True,-0.014790306553346346,-0.0039057153746608134,0.9998829892639789,79.04011535644531,72.03985214233398
3847,True,-0.014470059739431825,-0.004242792044859587,0.9998863015797353,79.02813720703125,72.01837158203125
3848,True,-0.01445946469861717,-0.004055906404145231,0.999887230393443,79.0277404785156,72.03028106689452
3849,True,-0.01437992469793235,-0.003933790149424529,0.9998888653549164,79.02476501464844,72.0380630493164
3850,True,-0.014470069981805228,-0.004072547732254133,0.9998870093313994,79.02813720703125,72.02922058105469
3851,True,-0.014530439634574887,-0.004146535781638491,0.9998858297650974,79.0303955078125,72.02450561523438
3852,True,-0.014656072299081816,-0.004315283520673897,0.999883282124919,79.03509521484375,72.01375198364258
3853,True,-0.014656080779933913,-0.004179040233074482,0.9998838607152845,79.03509521484375,72.02243423461914
3854,True,-0.014693602065253266,-0.004314146164910376,0.9998827362252114,79.0364990234375,72.01382446289062
3855,True,-0.014550824626134884,-0.004335097454394019,0.9998847335732057,79.0311584472656,72.01248931884766
3856,True,-0.01476214417150522,-0.0041594657296977035,0.999882382055161,79.0390625,72.023681640625
3857,True,-0.01474664671156074,-0.004094935704260795,0.9998828770972841,79.0384826660156,72.02779388427734
3858,True,-0.014620995866563973,-0.004224115459519442,0.9998841849576653,79.0337829589844,72.01956176757812
3859,True,-0.01449167867590904,-0.004267095547924994,0.9998858850612599,79.02894592285156,72.0168228149414
3860,True,-0.014564693530936394,-0.004347548505529113,0.9998844775894573,79.03167724609375,72.0116958618164
3861,True,-0.0145647010517871,-0.004227108502141218,0.9998849939052907,79.03167724609375,72.01937103271484
3862,True,-0.014617336841804166,-0.004018912368576606,0.9998850843007046,79.03364562988281,72.03263854980469
3863,True,-0.01473031930520559,-0.004259852385944361,0.9998824287639105,79.0378723144531,72.01728439331055
3864,True,-0.01463978339443196,-0.0038402275085935886,0.9998854581375041,79.03448486328125,72.04402542114258
3865,True,-0.014702604042641823,-0.0038565096852528295,0.9998844737105446,79.0368347167969,72.04298782348633
3866,True,-0.014677711536610537,-0.004006341578536566,0.9998842503066062,79.03590393066406,72.03343963623047
3867,True,-0.014790302763164344,-0.003970784197573188,0.9998827330327442,79.04011535644531,72.03570556640625
3868,True,-0.014794788847952474,-0.003990478437820833,0.9998825882596325,79.040283203125,72.03445053100586
3869,True,-0.014831508019122667,-0.003898771506652905,0.9998824060611416,79.0416564941406,72.0402946472168
3870,True,-0.014972240983913492,-0.0039524667569329364,0.9998800978149605,79.04692077636719,72.03687286376952
3871,True,-0.01493022506598509,-0.003936962778361027,0.99988078724594,79.04534912109375,72.03786087036133
3872,True,-0.014874743179869702,-0.003993052456948723,0.9998813917397448,79.04327392578125,72.03428649902344
3873,True,-0.014660171140975752,-0.0039947285624131286,0.999884554099037,79.0352478027344,72.0341796875
3874,True,-0.01503792021657936,-0.003910324666251742,0.999879277871366,79.04937744140625,72.03955841064452
3875,True,-0.014494142427077627,-0.0039973624424059434,0.9998869640758438,79.02903747558594,72.03401184082031
3876,True,-0.01428405710936919,-0.003988024140488221,0.9998900246406858,79.02117919921875,72.03460693359375
3877,True,-0.01417066401082131,-0.00375594328382522,0.9998925368116021,79.0169372558594,72.04939651489258
3878,True,-0.01441052244809252,-0.0038855422403592495,0.9998886134986593,79.0259094238281,72.0411376953125
3879,True,-0.014153511862184486,-0.004095414591340162,0.9998914469487635,79.01629638671875,72.02776336669922
3880,True,-0.014210644729157578,-0.0036980577247607183,0.9998921851607032,79.0184326171875,72.05308532714844
3881,True,-0.01426532104922144,-0.003442331510526547,0.9998923196870422,79.0204772949219,72.06938171386719
3882,True,-0.014656541184316293,-0.0032100107537311362,0.9998874344802385,79.03511047363281,72.08418655395508
3883,True,-0.014596564896694806,-0.0034182075135485704,0.9998876217608711,79.0328674316406,72.07091903686523
3884,True,-0.014698563824709444,-0.003090647740692703,0.9998871936963859,79.03668212890625,72.09179306030273
3885,True,-0.014083408369121888,-0.0028391711604300244,0.999896793032076,79.013671875,72.10781860351562
3886,True,-0.014579028362593028,-0.003324584836588259,0.9998881932834626,79.03221130371094,72.07688522338867
3887,True,-0.014894365358487075,-0.0032204864422857526,0.9998838864326413,79.04400634765625,72.0835189819336
3888,True,-0.01645749560013624,-0.003989700245986266,0.9998566062843804,79.10247802734375,72.03450012207031
3889,True,-0.017795459431337327,-0.004002151315049096,0.9998336383661429,79.15252685546875,72.03370666503906
3890,True,-0.01795372714617808,-0.004025078041554704,0.9998307168857736,79.158447265625,72.03224563598633
3891,True,-0.0175123298757191,-0.004516834844625069,0.9998364448775162,79.1419372558594,72.00090789794922
3892,True,-0.01830574384633681,-0.0041403701117178685,0.9998238630266685,79.17161560058594,72.02489852905273
3893,True,-0.018211493376434122,-0.004444762458373674,0.9998242773586211,79.1680908203125,72.00550079345702
3894,True,-0.018718124941390867,-0.004287986980812077,0.9998156054824964,79.1870422363281,72.0154914855957
3895,True,-0.018509272706500587,-0.004350541546566945,0.9998192234659863,79.1792297363281,72.01150512695312
3896,True,-0.017994482880581968,-0.004485587517232311,0.9998280242574148,79.15997314453125,72.00289916992188
3897,True,-0.018546795971296444,-0.004400106300466511,0.999818311206463,79.1806335449219,72.00834655761719
3898,True,-0.018613681629454273,-0.004529226024957843,0.9998164916462481,79.1831359863281,72.00011825561523
3899,True,-0.01877684156338973,-0.0045473638383933075,0.9998133584339753,79.1892395019531,71.99896240234375
3900,True,-0.01889676018733228,-0.004602136434217679,0.9998108485081882,79.1937255859375,71.9954719543457
3901,True,-0.01940501402460432,-0.0044843304407511,0.9998016484339296,79.2127380371094,72.00297927856445
3902,True,-0.019282660084755307,-0.004299121096142696,0.9998048292431161,79.2081604003906,72.0147819519043
3903,True,-0.019783153028516447,-0.004268232903918155,0.9997951835471744,79.22688293457031,72.01675033569336
3904,True,-0.019943461086119784,-0.004205139568418019,0.9997922660038516,79.2328796386719,72.02077102661133
3905,True,-0.020062572911898613,-0.004123848509990188,0.9997902215173048,79.2373352050781,72.02595138549805
3906,True,-0.0200576811316425,-0.00408811156327785,0.999790466433576,79.2371520996094,72.02822875976562
3907,True,-0.020105805922409854,-0.004168145555551191,0.9997891693406357,79.23895263671875,72.02312850952148
3908,True,-0.020430457124041203,-0.0045142608312321655,0.9997810849735308,79.2510986328125,72.00107192993164
3909,True,-0.020281998194697733,-0.004367601879737577,0.9997847591372107,79.24554443359375,72.01041793823242
3910,True,-0.020315831237282634,-0.004608122509430087,0.9997829925579231,79.24681091308594,71.99509048461914
3911,True,-0.01946948692601711,-0.004188019362528548,0.9998016801209412,79.21514892578125,72.0218620300293
3912,True,-0.0158717898354054,-0.002637139737442114,0.9998705575130343,79.08056640625,72.12069320678711
3913,True,-0.010314835804536827,0.00023051694205036052,0.9999467740956339,78.8727111816406,72.30343627929688
3914,True,-0.0013492465455040134,0.005632977319598877,0.999983224409428,78.5373840332031,72.64771270751952
3915,True,0.002381893460475129,0.013390702494306067,0.99990750355733,78.3978271484375,73.1421012878418
3916,True,0.004483528118408001,0.019842498735258066,0.9997930651987703,78.31919860839844,73.55330276489258
3917,True,0.0033665990156051383,0.026487771015868366,0.9996434684414633,78.3609619140625,73.97689056396484
3918,True,0.004160613049804416,0.030253808188865503,0.9995335894251484,78.33123779296875,74.21697998046875
3919,True,0.003451577698503472,0.03297506201381506,0.9994502148164142,78.3577575683594,74.3904800415039
3920,True,0.0026042583633963624,0.03301622422276402,0.9994514229198179,78.38946533203125,74.39310455322266
3921,True,0.0026160954004598573,0.03287562633076568,0.9994560266656136,78.38902282714844,74.38414001464842
3922,True,0.00235432730758654,0.032718395236838144,0.999461837068357,78.39881896972656,74.37411499023438
3923,True,0.002303776209300576,0.03257097539340838,0.9994667699213914,78.40071105957031,74.36471557617188
3924,True,0.0010576404465023857,0.032995044837358614,0.9994549556697723,78.44734191894531,74.39175415039062
3925,True,0.0011868990399796814,0.03300294223703926,0.9994545497792121,78.4425048828125,74.39225769042969
3926,True,0.0008044166309745232,0.033249914421067596,0.999446745006894,78.4568176269531,74.40800476074219
3927,True,0.0006661810434276435,0.03357095129167066,0.9994361147327976,78.46199035644531,74.42847442626953
3928,True,0.00033549895668571447,0.033349229214227984,0.9994437034427037,78.474365234375,74.41433715820312
3929,True,-0.0006924388716134581,0.033588061993280176,0.9994355219922617,78.51283264160156,74.4295654296875
3930,True,-0.0007915213010377884,0.033608642684271446,0.9994347565654053,78.51654052734375,74.43087768554688
3931,True,-0.00051262399141184,0.033449022301208775,0.9994402934261439,78.506103515625,74.42070007324219
3932,True,-0.000704262347357991,0.033640470934133915,0.999433751045999,78.5132751464844,74.43290710449219
3933,True,-0.0005758216009877089,0.0336439409292374,0.9994337164956133,78.50846862792969,74.4331283569336
3934,True,-0.0003976324659332431,0.03388073722091999,0.9994258039163232,78.5018005371094,74.44822692871092
3935,True,-0.0004041543660913084,0.03402767201396226,0.9994208093673849,78.5020446777344,74.45759582519531
3936,True,-0.00025736432349049367,0.03432273591272876,0.999410768184469,78.4965515136719,74.47640991210938
3937,True,-0.0009113751312182905,0.034390219693983363,0.9994080658993951,78.5210266113281,74.480712890625
3938,True,-0.000980686598724293,0.03450664081309075,0.9994039873812748,78.52362060546875,74.4881362915039
3939,True,-0.0007515411337371512,0.03442156848940249,0.9994071196507726,78.5150451660156,74.48271179199219
3940,True,-0.0010349206373842653,0.03436234077497348,0.9994089045409487,78.52565002441406,74.47893524169922
3941,True,-0.001137250282871324,0.03468276724763438,0.9993977247912066,78.52947998046875,74.4993667602539
3942,True,-0.0014732399524054122,0.034341760611595426,0.9994090619171603,78.54205322265625,74.47762298583984
3943,True,-0.001642853415438236,0.03444011451655104,0.9994054130055242,78.54840087890625,74.48389434814453
3944,True,-0.0013875962542054354,0.03473134540917703,0.9993957215351204,78.5388488769531,74.5024642944336
3945,True,-0.0012750573839414657,0.03483603944369745,0.9993922275986264,78.5346374511719,74.50914001464842
3946,True,-0.0013965541963594581,0.03498117465554964,0.9993869956408752,78.5391845703125,74.51839447021484
3947,True,-0.0010997464839228603,0.034481035386103094,0.9994047472152479,78.528076171875,74.48650360107422
3948,True,-0.0016265402833731367,0.034505444298315306,0.9994031862469133,78.54779052734375,74.4880599975586
3949,True,-0.0017317499819784893,0.03427236227895415,0.999411029669885,78.5517272949219,74.47319793701172
3950,True,-0.0018173686358260882,0.03437657936785294,0.9994072983334709,78.554931640625,74.47984313964842
3951,True,-0.0017631514933344158,0.03417939218475245,0.999414158618284,78.55290222167969,74.46726989746092
3952,True,-0.0015038224421184642,0.03430048058883634,0.9994104339806731,78.54319763183594,74.47499084472656
3953,True,-0.001295871633012842,0.034391655517413945,0.9994075919000628,78.53541564941406,74.48080444335938
3954,True,-0.0013085155225160648,0.0343021557213343,0.9994106512840438,78.535888671875,74.47509765625
3955,True,-0.0015299172504190084,0.034309334859519716,0.9994100904507138,78.54417419433594,74.47555541992188
3956,True,-0.0015017821189929142,0.03433206878542543,0.9994093524194078,78.5431213378906,74.47700500488281
3957,True,-0.0016648795951084094,0.03429342110082193,0.9994104209208224,78.5492248535156,74.47454071044922
3958,True,-0.001646936684024619,0.03433601730758819,0.9994089881099788,78.5485534667969,74.47725677490234
3959,True,-0.0016143221741450693,0.03425417510236772,0.999411849765638,78.5473327636719,74.47203826904297
3960,True,-0.0018128800054583215,0.034432935410674284,0.9994053664179967,78.55476379394531,74.48343658447266
3961,True,-0.0015751660452229177,0.03449694904198766,0.999403561810105,78.5458679199219,74.48751831054688
3962,True,-0.001580882729862564,0.03434307678527068,0.9994088522155061,78.54608154296875,74.47770690917969
3963,True,-0.0016069684579039939,0.03451465746081025,0.999402899772028,78.54705810546875,74.4886474609375
3964,True,-0.0014764821455198868,0.0347278755432154,0.9993957147500327,78.54217529296875,74.50224304199219
3965,True,-0.001496055464733304,0.03468647642049539,0.9993971233556643,78.54290771484375,74.49960327148438
3966,True,-0.001622437192096391,0.034961552130809766,0.9993873411096232,78.5476379394531,74.51714324951172
3967,True,-0.0014511938960751947,0.03490232552626333,0.9993896746060241,78.5412292480469,74.51336669921875
3968,True,-0.0014381402892967795,0.03502628248139826,0.999385356750859,78.5407409667969,74.52127075195312
3969,True,-0.0015302887621890691,0.03499170380960707,0.9993864312070708,78.544189453125,74.5190658569336
3970,True,-0.0017561711084245252,0.03498201220203729,0.9993863990896286,78.5526428222656,74.51844787597656
3971,True,-0.002017109000589012,0.03510225969248757,0.999381690164354,78.5624084472656,74.52611541748047
3972,True,-0.002059509713936007,0.035142102778813494,0.9993802034421242,78.5639953613281,74.52865600585938
3973,True,-0.0019070179972926395,0.03517261321256448,0.9993794327292098,78.55828857421875,74.53060150146484
3974,True,-0.0019938734315695385,0.03503274354345149,0.999384176054713,78.56153869628906,74.52168273925781
3975,True,-0.0020485063496410417,0.035069236551623514,0.9993827856579389,78.56358337402344,74.52400970458984
3976,True,-0.0019457668745317147,0.034954373154976015,0.9993870150190128,78.55973815917969,74.51668548583984
3977,True,-0.0018748037042113977,0.03523219820039644,0.9993773948419279,78.55708312988281,74.5344009399414
3978,True,-0.0019196621256170852,0.035104174076290205,0.9993818148534348,78.55876159667969,74.52623748779297
3979,True,-0.0018499259153241913,0.035332463419208315,0.9993739014016918,78.55615234375,74.5407943725586
3980,True,-0.001722318830844754,0.03516028939424915,0.9993802017588489,78.55137634277344,74.52981567382812
3981,True,-0.0019567575650441156,0.03521616530433118,0.9993778028358894,78.5601501464844,74.53337860107422
3982,True,-0.0019196522967677074,0.03524954721950575,0.9993766979252015,78.55876159667969,74.53550720214842
3983,True,-0.0018666429128481325,0.03532755784994321,0.9993740437396774,78.55677795410156,74.54048156738281
3984,True,-0.0019192351764598134,0.03538798004616299,0.9993718063886882,78.5587463378906,74.5443344116211
3985,True,-0.001972647609160562,0.03537745103909255,0.999372075164894,78.56074523925781,74.54366302490234
3986,True,-0.0020859933455347787,0.035394321378071573,0.9993712476582205,78.56498718261719,74.54473876953125
3987,True,-0.002183041955215149,0.035256726120857784,0.9993759040476514,78.56861877441406,74.53596496582031
3988,True,-0.00221850673870628,0.03534921413711093,0.9993725588026415,78.5699462890625,74.54186248779297
3989,True,-0.0020790577810401436,0.035452350481203175,0.9993692052310302,78.5647277832031,74.5484390258789
3990,True,-0.0018368701163716443,0.035465152762095185,0.9993692254856245,78.5556640625,74.54925537109375
3991,True,-0.0018723460724963327,0.03540257707219453,0.999371378345824,78.55699157714844,74.5452651977539
3992,True,-0.0020431894019218495,0.035298363712811795,0.9993747299668257,78.5633850097656,74.53861999511719
3993,True,-0.0022233950826169475,0.03540425214027251,0.999370599649947,78.57012939453125,74.54537200927734
3994,True,-0.002353047563227908,0.03544289832615682,0.9993689329398863,78.5749816894531,74.54783630371092
3995,True,-0.00216793753061922,0.03549913261959754,0.9993673556956518,78.56805419921875,74.55142211914062
3996,True,-0.0023575261690815847,0.03551851547768073,0.9993662377370088,78.57514953613281,74.55265808105469
3997,True,-0.0022800736431853085,0.03534047983544335,0.9993727291402253,78.57225036621094,74.54130554199219
3998,True,-0.0023681365630492447,0.03540365390168466,0.9993702883414277,78.57554626464844,74.54533386230469
3999,True,-0.0023212444196951555,0.035453188013775845,0.9993686423357517,78.57379150390625,74.54849243164062
4000,True,-0.0023640558489184294,0.035445291277101235,0.9993688220903356,78.57539367675781,74.54798889160156
4001,True,-0.001606931329105147,0.035176920565277485,0.9993798086969977,78.54705810546875,74.53087615966797
4002,True,-0.00182261731617645,0.03519426961819868,0.9993788277986283,78.55513000488281,74.531982421875
4003,True,-0.0017757295850637429,0.035182544052558225,0.9993793250705312,78.5533752441406,74.53123474121092
4004,True,-0.0016387325320800113,0.035201807479266434,0.9993788807583843,78.5482482910156,74.53246307373047
4005,True,-0.001804681115140623,0.03513552209272895,0.9993809274812803,78.55445861816406,74.52823638916016
4006,True,-0.0016599345524746024,0.03519702153596342,0.9993790143345409,78.5490417480469,74.53215789794922
4007,True,-0.0016803185827032247,0.03523518941134536,0.9993776353093996,78.5498046875,74.53459167480469
4008,True,-0.001662380774318786,0.035199294859133,0.9993789302019435,78.54913330078125,74.53230285644531
4009,True,-0.001630582213375249,0.035128702107361076,0.9993814664530746,78.5479431152344,74.52780151367188
4010,True,-0.0010108387849607128,0.03508251760201098,0.9993839077970263,78.5247497558594,74.52485656738281
4011,True,-0.001058143422696719,0.034860926655135134,0.9993916129952474,78.5265197753906,74.51072692871092
4012,True,-0.00027245414930268766,0.033947863060256975,0.9994235680442896,78.49711608886719,74.45250701904297
4013,True,0.0001560903155332167,0.0328962075097119,0.9994587611138797,78.4810791015625,74.38545227050781
4014,True,0.0019508497515538048,0.029340609406977185,0.9995675679136824,78.41392517089844,74.15876007080078
4015,True,0.0013671070654618623,0.02286666354770689,0.9997375889284487,78.43577575683594,73.74606323242188
4016,True,-0.0012072522703043152,0.008041982076515285,0.9999669339864378,78.5320739746094,72.80123138427734
4017,True,-0.004692982087168952,0.005322361244458185,0.9999748238780379,78.6624450683594,72.6279182434082
4018,True,0.009528202947221702,0.012475378757950692,0.9998767815453273,78.1305236816406,73.08376693725586
4019,True,0.017046721075785982,0.03277750656521407,0.9993172891349031,77.84898376464844,74.37788391113281
4020,True,0.037488627004482786,0.0588574082302833,0.9975622328164457,77.08204650878906,76.04163360595703
4021,True,-0.04112111986977775,0.07389747711975632,0.9964176917216949,80.029541015625,77.002197265625
4022,False,-0.03441912778218046,0.07703887663261044,0.9964338087047726,79.7783203125,77.20295715332031
4023,False,-0.03202368700316391,0.07805632037834215,0.9964344907316873,79.6885070800781,77.26799011230469
4024,False,-0.027382197050969045,0.08258786023209809,0.9962075389330003,79.5146789550781,77.55770111083984
4025,False,-0.031233333293309268,0.07003831199664759,0.9970552210103758,79.65814208984375,76.75563049316406
4026,False,-0.025537398583467256,0.07080239665051784,0.997163407823478,79.4445495605469,76.804443359375
4027,False,-0.030449452693425826,0.07427834315232665,0.9967725711360721,79.62908935546875,77.02653503417969
4028,False,-0.034151643110979166,0.08136578676345567,0.9960990282181708,79.76872253417969,77.47956085205078
4029,False,-0.046218919838736744,0.0830750084899522,0.9954709209280475,80.22216796875,77.58885192871092
4030,False,-0.03453268381347503,0.08736994130282164,0.9955772130304008,79.78369140625,77.8635482788086
4031,False,-0.043024034916637435,0.08453537933808598,0.9954911863294712,80.10234069824219,77.68224334716797
4032,False,-0.04851655815624584,0.07910769693590249,0.995684747231858,80.30790710449219,77.33519744873047
4033,False,-0.050527151230293964,0.0702432502878268,0.9962494129371182,80.3821716308594,76.76872253417969
4034,True,-0.04207135420463907,0.06420998158714433,0.9970491860585246,80.06414794921875,76.38337707519531
4035,True,-0.009744979137192761,0.05981684910200283,0.9981618004838313,78.85205078125,76.1028823852539
4036,True,0.014279911259755307,0.051791807268745965,0.9985558035654546,77.95210266113281,75.59068298339842
4037,True,0.02270812732957698,0.0333582034263177,0.9991854538659738,77.63706970214844,74.41490936279297
4038,True,0.028647822420353998,0.018756336676316182,0.9994135791077969,77.4151306152344,73.48407363891602
4039,True,0.015734427334934176,0.013411412674260206,0.9997862580604528,77.89836120605469,73.1434211730957
4040,True,0.0047959512466303755,0.007974819754269084,0.9999566996133017,78.30754089355469,72.79695129394531
4041,True,-0.004490655089872388,0.004109822550799891,0.99998147151608,78.6548767089844,72.5506477355957
4042,True,-0.007429720619241819,0.0005692725016658033,0.999972237204783,78.7648010253906,72.32502365112305
4043,True,-0.009001196857467562,-0.0012995397386357612,0.9999586439706397,78.8235778808594,72.2059326171875
4044,True,-0.006171107659659467,-0.002988345103135927,0.9999764933356172,78.71772766113281,72.09831237792969
4045,True,-0.004107980823691467,-0.0039006870564669803,0.9999839544382898,78.64056396484375,72.0401725769043
4046,True,-0.0038068968022105373,-0.0039027223281287546,0.9999851380371445,78.6293029785156,72.04004287719727
4047,True,-0.0028248923884932942,-0.004829068428196148,0.999984349918092,78.59257507324219,71.98101043701172
4048,True,-0.0017033651429515899,-0.005767382462949477,0.9999819177598743,78.5506286621094,71.92121505737305
4049,True,-0.0012909000887508302,-0.006454458618753291,0.999978336535797,78.53520202636719,71.8774299621582
4050,True,0.0002540844187270663,-0.006535090206192627,0.9999786137898675,78.4774169921875,71.8722915649414
4051,True,0.0023110549564268833,-0.007436161645836821,0.9999696808028559,78.4004821777344,71.81486892700195
4052,True,0.002215985685127909,-0.008186680798096774,0.9999640331856708,78.40403747558594,71.76704025268555
4053,True,0.00335007889636806,-0.009734574100572066,0.9999470061150584,78.36161804199219,71.66839599609375
4054,True,0.003084976543426226,-0.007018998540027877,0.9999706078576618,78.37153625488281,71.8414535522461
4055,True,0.002444866376356452,-0.007527747004157057,0.999968677336167,78.3954772949219,71.80903244018555
4056,True,0.0032591601383453283,-0.007779875779722606,0.9999644250712346,78.3650207519531,71.79296493530273
4057,True,0.002296354923348982,-0.008174110327475228,0.9999639546875779,78.4010314941406,71.76784133911133
4058,True,0.0008994898135849717,-0.007149193789377991,0.9999740396361484,78.4532775878906,71.83315658569336
4059,True,0.0009411063248795925,-0.006573879551638048,0.9999779489701388,78.45172119140625,71.86981964111328
4060,True,-0.0004867905346233517,-0.006346650469406373,0.9999797413261903,78.505126953125,71.8843002319336
4061,True,-0.0009518760731944482,-0.006549336911375323,0.9999780998191723,78.52252197265625,71.87138366699219
4062,True,-0.0005908280198366584,-0.004866660937397511,0.9999879831945839,78.50901794433594,71.9786148071289
4063,True,0.0011940628393672613,-0.004247880216891519,0.9999902648164124,78.4422607421875,72.01804733276367
4064,True,0.0005143760415771695,-0.004185205902002566,0.999991109694904,78.4676818847656,72.02204132080078
4065,True,-0.00040438438243648573,-0.004540599571511123,0.9999896096604216,78.5020446777344,71.99939346313477
4066,True,6.356319325349615e-05,-0.003426707780701515,0.9999941267995058,78.48454284667969,72.07037734985352
4067,True,0.0007224473052988778,-0.0026761093627769897,0.9999961582469052,78.45989990234375,72.11820983886719
4068,True,0.0014339584686458467,-0.0030566466335603545,0.9999943003209907,78.43328857421875,72.09395980834961
4069,True,0.0008281127576580548,-0.0029943312150409866,0.999995174093273,78.45594787597656,72.09793090820312
4070,True,0.0015926642464887748,-0.0024146955339053467,0.9999958163242867,78.42735290527344,72.13486862182617
4071,True,0.001617554963899829,-0.0008785348575149783,0.9999983058447863,78.4264221191406,72.23276138305664
4072,True,0.00152290298244919,-0.0014271042354294541,0.9999978220676319,78.4299621582031,72.19780349731445
4073,True,0.0010749425772361388,-0.0014875043106393896,0.9999983159132727,78.44671630859375,72.19395446777344
4074,True,0.0024800205053126427,-0.0010037648233120044,0.9999964209708315,78.3941650390625,72.22478103637695
4075,True,0.0030422118078349287,-0.0014315938348588,0.99999434772723,78.3731384277344,72.19751739501952
4076,True,0.0027811074833134506,-0.0011594043379923697,0.9999954606010706,78.3829040527344,72.21486282348633
4077,True,0.003135641347599761,-0.0004831504914255792,0.9999949671468061,78.36964416503906,72.2579574584961
4078,True,0.003726800047046425,-0.00010704141628758294,0.999993049727619,78.3475341796875,72.28192520141602
4079,True,0.0035925756847566075,0.0002687683670687322,0.9999935105607006,78.35255432128906,72.30587387084961
4080,True,0.0037847323040166316,0.00046002548514240707,0.9999927320625586,78.3453674316406,72.31806182861328
4081,True,0.0041629243979446956,0.0009864463775585619,0.9999908484501251,78.33122253417969,72.35160827636719
4082,True,0.003987492310211072,0.0015055639157301836,0.9999909165499312,78.33778381347656,72.38468933105469
4083,True,0.004575382274712784,0.0017700910287613235,0.9999879662549896,78.3157958984375,72.40154647827148
4084,True,0.004753667326359217,0.0017260929766376412,0.9999872115432209,78.30912780761719,72.39874267578125
4085,True,0.0045239734830758395,0.002216596222668475,0.9999873101020383,78.3177185058594,72.43000030517578
4086,True,0.004777732338657779,0.002293697492886186,0.999985956014139,78.3082275390625,72.4349136352539
4087,True,0.004779361504609276,0.002530328866307094,0.999985377462809,78.30816650390625,72.44999313354492
4088,True,0.00465982566116072,0.002500937018355156,0.9999860155716368,78.31263732910156,72.4481201171875
4089,True,0.004586796520160576,0.0026593895818143123,0.9999859443735871,78.31536865234375,72.45821762084961
4090,True,0.004347722620247936,0.0027718088517858803,0.9999867071035027,78.3243103027344,72.46538162231445
4091,True,0.004340377590088456,0.002893985452064964,0.9999863928927126,78.3245849609375,72.4731674194336
4092,True,0.004348542228563759,0.0024493366609357,0.9999875453876452,78.32427978515625,72.44483184814452
4093,True,0.004621884756892557,0.0024455654048576173,0.9999863286021187,78.3140563964844,72.4445915222168
4094,True,0.00422654915122701,0.0031870654464106864,0.9999859893499071,78.32884216308594,72.4918441772461
4095,True,0.004023783081478935,0.0034252526024348977,0.9999860383096969,78.33642578125,72.50702285766602
4096,True,0.004313441330559158,0.003607050510298189,0.9999841915802989,78.3255920410156,72.51860809326172
4097,True,0.004076812458720831,0.003905158112907119,0.9999840645431755,78.3344421386719,72.53760528564452
4098,True,-0.0013974036257094447,0.002887400727020312,0.9999948550768392,78.5391845703125,72.47274780273438
4099,True,-0.00951278400300258,0.0009651357339773976,0.99995428668191,78.84271240234375,72.35025024414062
4100,True,-0.011988670394724288,3.315395156142296e-05,0.9999281327590409,78.93531799316406,72.29085922241211
4101,True,-0.01297467263370884,-0.0010093917908275533,0.9999153159134331,78.9721984863281,72.22442245483398
4102,True,-0.010720342095023892,-0.0007308568640437879,0.9999422683903356,78.88787841796875,72.24217224121094
4103,True,-0.009810191347478667,-8.022351508628057e-05,0.9999518756969825,78.85383605957031,72.28363418579102
4104,True,-0.008621797674920684,0.0004493701593803359,0.9999627306411537,78.80938720703125,72.3173828125
4105,True,-0.008092259227895802,0.000452961842227243,0.999967154543667,78.7895812988281,72.31761169433594
4106,True,-0.008879223365416753,0.00020723086311457236,0.9999605574460406,78.81901550292969,72.30195236206055
4107,True,-0.009202737296261572,0.0003399435527506207,0.9999575961332745,78.83111572265625,72.31040954589844
4108,True,-0.00852511062491779,0.0003088754945989608,0.9999636128803696,78.80577087402344,72.30842971801758
4109,True,-0.008273804511594358,-0.00022329222794625024,0.9999657465630934,78.79637145996094,72.27451705932617
4110,True,-0.008367634780901361,0.0006742094925258907,0.9999647634440594,78.79988098144531,72.33171081542969
4111,True,-0.00747786006286043,0.0007253311043943527,0.9999717773535758,78.7666015625,72.33496856689452
4112,True,-0.00735138786636234,0.001055107352517944,0.9999724215421708,78.7618713378906,72.35598373413086
4113,True,-0.0073779050083543785,0.0011499277316619652,0.99997212170335,78.76286315917969,72.36202621459961
4114,True,-0.007273465687438604,0.0010910840253132228,0.9999729527504948,78.75895690917969,72.3582763671875
4115,True,-0.00708865427041438,0.0012945527341984256,0.9999740372198935,78.7520446777344,72.37124252319336
4116,True,-0.006589301318302143,0.0011086234010586429,0.9999776757819603,78.7333679199219,72.35939407348633
4117,True,-0.006774928113496381,0.0010366101940903602,0.9999765126183527,78.74031066894531,72.35480499267578
4118,True,-0.006654576018235503,0.0011742912996676844,0.9999771685683434,78.7358093261719,72.36357879638672
4119,True,-0.006773292651594172,0.0014603686183405533,0.9999759946269482,78.74024963378906,72.38180923461914
4120,True,-0.006779005359658329,0.0013406459620769764,0.9999761235923277,78.74046325683594,72.37417984008789
4121,True,-0.006937704193632062,0.0014634814071316444,0.9999748629254102,78.74639892578125,72.38200759887695
4122,True,-0.007012363620380446,0.0013487272419987549,0.9999745035206059,78.74919128417969,72.37469482421875
4123,True,-0.006934848880334144,0.0014164902671592128,0.9999749503994237,78.74629211425781,72.37901306152344
4124,True,-0.007015626727012609,0.0014151134566410114,0.9999743888898015,78.74931335449219,72.37892532348633
4125,True,-0.006398778908241856,0.0011452585465603707,0.9999788717824717,78.72624206542969,72.36172866821289
4126,True,-0.006044251439884733,0.0012355893153185545,0.9999809699907171,78.7129821777344,72.36748504638672
4127,True,-0.006294337262714197,0.0012944330115249873,0.9999793526676448,78.72233581542969,72.37123489379883
4128,True,-0.005893301517387501,0.0012929364781054482,0.9999817984905969,78.70733642578125,72.37113952636719
4129,True,-0.005367425711713115,0.0012054790601496493,0.9999848686662538,78.68766784667969,72.36556625366211
4130,True,-0.005428212618851456,0.001358125471130302,0.9999843448789433,78.68994140625,72.37529373168945
4131,True,-0.005347025991016863,0.0013612382603703965,0.999984778055871,78.68690490722656,72.37549209594727
4132,True,-0.005550604012445784,0.0014109231637430362,0.9999835999109801,78.69451904296875,72.37865829467773
4133,True,-0.0057027764513361825,0.001557164370706459,0.9999825266372752,78.70021057128906,72.38797760009766
4134,True,-0.005433920749235513,0.0017687740803117055,0.9999836718384675,78.6901550292969,72.40146255493164
4135,True,-0.005163434062897469,0.0018444387498242204,0.9999849683842134,78.68003845214844,72.40628433227539
4136,True,-0.005152010869264645,0.0018389315115715566,0.9999850374455104,78.67961120605469,72.40593338012695
4137,True,-0.005231157868054331,0.001814148938746773,0.999984671808017,78.68257141113281,72.40435409545898
4138,True,-0.005417188520371939,0.0022595167295614204,0.9999827741779772,78.68952941894531,72.43273544311523
4139,True,-0.005211977539392018,0.0023323678453586122,0.9999836975422963,78.6818542480469,72.4373779296875
4140,True,-0.005255221797377232,0.002398813798859585,0.9999833140288986,78.6834716796875,72.44161224365234
4141,True,-0.005639532078311314,0.0023467944001121363,0.9999813439429663,78.6978454589844,72.43829727172852
4142,True,-0.005387405773013621,0.0023224907432762803,0.9999827907998139,78.68841552734375,72.43674850463867
4143,True,-0.005251548683247922,0.0025046484127172696,0.9999830738431307,78.68333435058594,72.44835662841797
4144,True,-0.005271539860234535,0.0024637033504373734,0.9999830703733454,78.68408203125,72.44574737548828
4145,True,-0.0051393566267845725,0.0024769925377737517,0.9999837256282876,78.67913818359375,72.44659423828125
4146,True,-0.005351499326207468,0.002687464471928278,0.9999820693340825,78.68707275390625,72.46000671386719
4147,True,-0.005566090741731725,0.0027965315087436406,0.9999805988344851,78.6950988769531,72.46695709228516
4148,True,-0.005712960814975308,0.0027666009310963998,0.9999798537960725,78.7005920410156,72.46504974365234
4149,True,-0.005759061291185657,0.0027814464979208893,0.9999795481750732,78.70231628417969,72.46599578857422
4150,True,-0.005792921150218265,0.002886083781996349,0.9999790560731513,78.7035827636719,72.47266387939452
4151,True,-0.005922248584933481,0.002839511813856437,0.9999784318395858,78.70841979980469,72.46969604492188
4152,True,-0.005724791121700699,0.0028198174964218217,0.999979637490634,78.70103454589844,72.46844100952148
4153,True,-0.005931224396753763,0.0028118559635309996,0.999978456789543,78.70875549316406,72.46793365478516
4154,True,-0.005773343392150767,0.0025797143492749808,0.9999800065901079,78.7028503417969,72.45314025878906
4155,True,-0.006098086811105591,0.0026556183277582214,0.9999778802696294,78.7149963378906,72.45797729492188
4156,True,-0.006404066873608674,0.0024899225574649686,0.9999763938279425,78.7264404296875,72.44741821289062
4157,True,-0.006829166611452852,0.0027122469957704437,0.9999730027353874,78.7423400878906,72.46158599853516
4158,True,-0.006507687803780555,0.0026860278038286943,0.9999752173199522,78.7303161621094,72.45991516113281
4159,True,-0.006336340996236198,0.002668368757985999,0.9999763650161692,78.7239074707031,72.45878982543945
4160,True,-0.006338788928768468,0.0026615445841150992,0.9999763676884286,78.7239990234375,72.45835494995117
4161,True,-0.006153977278314386,0.0027420578555750444,0.9999773045836464,78.71708679199219,72.46348571777344
4162,True,-0.006190287993780017,0.00265855152536067,0.9999773059616608,78.71844482421875,72.45816421508789
4163,True,-0.006180902550000497,0.0027854571953047223,0.9999770185718673,78.71809387207031,72.46625137329102
4164,True,-0.0060336254878708105,0.0027791119128559635,0.9999779357068075,78.71258544921875,72.46584701538086
4165,True,-0.005785990151721746,0.0026025214611109485,0.9999798743974843,78.70332336425781,72.45459365844727
4166,True,-0.005589755362286366,0.0026461004006869296,0.99998087621097,78.69598388671875,72.45737075805664
4167,True,-0.005450227493474847,0.0027548681439809987,0.9999813526870281,78.6907653808594,72.46430206298828
4168,True,-0.005397602023825679,0.002554452927250486,0.999982170172366,78.68879699707031,72.45153045654297
4169,True,-0.005090396139803058,0.002760195787157034,0.9999832344526364,78.67730712890625,72.46464157104492
4170,True,-0.005027160822221786,0.002730744095814204,0.9999836352114722,78.67494201660156,72.46276473999023
4171,True,-0.0049635161853881365,0.002797429426034485,0.9999837688161162,78.67256164550781,72.46701431274414
4172,True,-0.004948421399072399,0.002783002887955753,0.9999838838804267,78.6719970703125,72.46609497070312
4173,True,-0.005021857659894256,0.0026954858687155948,0.9999837575188786,78.67474365234375,72.46051788330078
4174,True,-0.004735458995273859,0.0028273600011008916,0.9999847906161015,78.6640319824219,72.46892166137695
4175,True,-0.005232777975418535,0.0027919820611020554,0.9999824112807337,78.68263244628906,72.46666717529297
4176,True,-0.004920273788258682,0.0025939014504967953,0.9999845311709145,78.67094421386719,72.45404434204102
4177,True,-0.005062654109255285,0.002753670920784609,0.9999833932770233,78.67626953125,72.46422576904297
4178,True,-0.005379238840139744,0.002859804741611067,0.9999814424809794,78.6881103515625,72.47098922729492
4179,True,-0.0051981002816847595,0.002796770953354754,0.9999825787610982,78.68133544921875,72.46697235107422
4180,True,-0.005002679145273469,0.002964142696511153,0.9999830933868054,78.67402648925781,72.4776382446289
4181,True,-0.005166274269864482,0.003072910340886337,0.999981933252899,78.6801452636719,72.48456954956055
4182,True,-0.00530376272613471,0.0029474414425308885,0.9999815911755014,78.68528747558594,72.4765739440918
4183,True,-0.0055628268175936905,0.0028064085988187652,0.9999805893258998,78.6949768066406,72.46758651733398
4184,True,-0.005340891429252775,0.002730863818141549,0.9999820084689263,78.6866760253906,72.46277236938477
4185,True,-0.005562010846078304,0.0028082642944993255,0.9999805886551,78.6949462890625,72.46770477294922
4186,True,-0.005806387610975834,0.0026735766800670474,0.9999795687166048,78.70408630371094,72.45912170410156
4187,True,-0.005741926270430732,0.0027967110922019903,0.9999796041368902,78.70167541503906,72.46696853637695
4188,True,-0.005406981492800719,0.002821733053180926,0.9999814010138954,78.68914794921875,72.46856307983398
4189,True,-0.005446148516351624,0.0027051833780328068,0.9999815105536847,78.69061279296875,72.46113586425781
4190,True,-0.005978960240400892,0.00260731035581307,0.9999787267573006,78.7105407714844,72.45489883422852
4191,True,-0.0060295485485370075,0.0026090463301278277,0.9999784184778929,78.7124328613281,72.45500946044922
4192,True,-0.00613562079295381,0.002610363276154469,0.9999777698334357,78.7164001464844,72.45509338378906
4193,True,-0.005552630605141722,0.0026019827104532224,0.9999811988129264,78.69459533691406,72.45455932617188
4194,True,-0.005814959630257629,0.0023569109465153494,0.9999803154139028,78.70440673828125,72.4389419555664
4195,True,-0.005847597136048661,0.0023702001372818463,0.9999800936813911,78.70562744140625,72.43978881835938
4196,True,-0.0059267428790564835,0.002414317853163341,0.9999795221844042,78.7085876464844,72.44260025024414
4197,True,-0.005366188510492954,0.0025305084498927757,0.9999824001190495,78.6876220703125,72.45000457763672
4198,True,-0.0052882652134941645,0.002576960734631586,0.9999826966124984,78.68470764160156,72.45296478271484
4199,True,-0.005325391408378659,0.002522846216831232,0.99998263757593,78.68609619140625,72.44951629638672
4200,True,-0.005270722976472334,0.0025349980395082744,0.9999828964858573,78.6840515136719,72.45029067993164
4201,True,-0.005078976678033152,0.002477172121383413,0.9999840336796308,78.6768798828125,72.44660568237305
4202,True,-0.005055722192979757,0.0024804644875464125,0.9999841433588003,78.67601013183594,72.44681549072266
4203,True,-0.005468588814108037,0.0025764818451263914,0.9999817279719084,78.69145202636719,72.45293426513672
4204,True,-0.005062656759755316,0.002556488207758549,0.9999839168079537,78.67626953125,72.45166015625
4205,True,-0.005043483129134564,0.002471006417405962,0.9999842285782368,78.67555236816406,72.44621276855469
4206,True,-0.005343749845759447,0.0025454737484122375,0.9999824822970561,78.68678283691406,72.45095825195312
4207,True,-0.005378428500852258,0.002468731691642974,0.9999824887820267,78.6880798339844,72.4460678100586
4208,True,-0.005296016584785759,0.0025842039383255195,0.9999826368984308,78.68499755859375,72.45342636108398
4209,True,-0.004965560217912585,0.0024791475410844382,0.9999845984009913,78.6726379394531,72.44673156738281
